pet_id,breed_category,pet_category
ANSL_75005,1,2
ANSL_76663,0,1
ANSL_58259,0,2
ANSL_67171,0,2
ANSL_72871,0,2
ANSL_64886,1,1
ANSL_73798,1,2
ANSL_53131,1,2
ANSL_66674,0,1
ANSL_55165,0,2
ANSL_74518,0,2
ANSL_72217,0,2
ANSL_55812,0,2
ANSL_55318,1,2
ANSL_65677,1,2
ANSL_74873,1,2
ANSL_56546,1,1
ANSL_76135,0,2
ANSL_64881,0,2
ANSL_73262,2,4
ANSL_69908,0,1
ANSL_76469,0,2
ANSL_65785,0,1
ANSL_74284,0,2
ANSL_58262,1,2
ANSL_75383,1,2
ANSL_61707,1,2
ANSL_74942,2,4
ANSL_69155,1,2
ANSL_66305,1,2
ANSL_72637,1,1
ANSL_55160,2,4
ANSL_73057,1,1
ANSL_68887,1,2
ANSL_74196,0,2
ANSL_56430,2,4
ANSL_66634,0,2
ANSL_67159,0,2
ANSL_62734,1,2
ANSL_70979,0,2
ANSL_61168,2,1
ANSL_58061,1,2
ANSL_55940,0,2
ANSL_76291,1,1
ANSL_69273,0,2
ANSL_70508,0,2
ANSL_51062,0,2
ANSL_57908,0,2
ANSL_52712,1,2
ANSL_70808,0,1
ANSL_75816,1,2
ANSL_63870,0,1
ANSL_53866,0,1
ANSL_75449,0,2
ANSL_76504,0,1
ANSL_71397,0,2
ANSL_67333,2,4
ANSL_59503,0,2
ANSL_74843,1,1
ANSL_72388,0,2
ANSL_56183,1,2
ANSL_61540,0,1
ANSL_76621,0,2
ANSL_68225,0,2
ANSL_68150,0,1
ANSL_69330,0,2
ANSL_60826,0,1
ANSL_71758,2,1
ANSL_72505,1,2
ANSL_61691,0,1
ANSL_65228,1,2
ANSL_64206,0,2
ANSL_73081,0,2
ANSL_56393,0,2
ANSL_68514,1,2
ANSL_57135,0,1
ANSL_56868,1,1
ANSL_62728,0,1
ANSL_69319,0,2
ANSL_53797,1,2
ANSL_74107,1,1
ANSL_72281,1,2
ANSL_61887,2,4
ANSL_63411,2,1
ANSL_68244,2,2
ANSL_54649,1,2
ANSL_67555,0,2
ANSL_62909,0,2
ANSL_71212,0,2
ANSL_63969,1,2
ANSL_63946,0,1
ANSL_66683,0,2
ANSL_64784,1,2
ANSL_61948,0,2
ANSL_69704,0,2
ANSL_73837,1,1
ANSL_63488,0,1
ANSL_52592,1,1
ANSL_64094,0,2
ANSL_53634,0,1
ANSL_73575,0,2
ANSL_53212,0,1
ANSL_56754,0,2
ANSL_65107,2,4
ANSL_60580,0,2
ANSL_59168,1,1
ANSL_51028,1,2
ANSL_53343,0,1
ANSL_60920,1,1
ANSL_61451,0,2
ANSL_59249,0,2
ANSL_75126,1,2
ANSL_51629,1,2
ANSL_65165,1,2
ANSL_76635,1,2
ANSL_59268,0,2
ANSL_55808,0,2
ANSL_74653,0,2
ANSL_60541,0,2
ANSL_73479,1,1
ANSL_56770,1,2
ANSL_71777,0,2
ANSL_55915,0,2
ANSL_69559,0,1
ANSL_69166,0,1
ANSL_51477,0,2
ANSL_69729,0,2
ANSL_59815,0,2
ANSL_74615,1,2
ANSL_75032,0,1
ANSL_54186,0,2
ANSL_56830,0,2
ANSL_53909,1,2
ANSL_72716,0,1
ANSL_70398,1,2
ANSL_69405,2,4
ANSL_57640,0,1
ANSL_70615,0,2
ANSL_53698,1,1
ANSL_57011,0,2
ANSL_63353,0,2
ANSL_55623,0,2
ANSL_60248,1,2
ANSL_51783,1,1
ANSL_75757,0,2
ANSL_66811,0,2
ANSL_51581,0,1
ANSL_65440,1,2
ANSL_67551,0,2
ANSL_57114,1,1
ANSL_72040,1,2
ANSL_53272,0,1
ANSL_59423,1,2
ANSL_62241,1,2
ANSL_71903,1,1
ANSL_62568,1,2
ANSL_57132,0,1
ANSL_57108,1,1
ANSL_66441,1,2
ANSL_60196,0,2
ANSL_72935,1,2
ANSL_71003,1,2
ANSL_60295,0,1
ANSL_76472,1,2
ANSL_69214,0,1
ANSL_59195,1,1
ANSL_64836,1,2
ANSL_66021,0,2
ANSL_69696,1,1
ANSL_69385,1,2
ANSL_72912,1,2
ANSL_63596,0,2
ANSL_69028,1,2
ANSL_72859,0,1
ANSL_51988,0,1
ANSL_64754,0,2
ANSL_66578,1,2
ANSL_76565,2,4
ANSL_55151,0,2
ANSL_57527,1,2
ANSL_62096,0,1
ANSL_58759,0,2
ANSL_68864,1,2
ANSL_73245,0,1
ANSL_73824,0,2
ANSL_73711,0,2
ANSL_64106,0,2
ANSL_56720,0,1
ANSL_66794,0,2
ANSL_66539,0,1
ANSL_71940,0,2
ANSL_51536,0,1
ANSL_56404,0,1
ANSL_62145,0,1
ANSL_61779,0,1
ANSL_63845,1,2
ANSL_59553,0,2
ANSL_68127,1,2
ANSL_64588,1,2
ANSL_68964,1,1
ANSL_70107,0,2
ANSL_76518,0,2
ANSL_67329,0,1
ANSL_70124,0,1
ANSL_70885,0,2
ANSL_68901,0,1
ANSL_53380,0,2
ANSL_54568,1,2
ANSL_57832,0,2
ANSL_52679,0,2
ANSL_68681,0,2
ANSL_72280,1,2
ANSL_74244,0,2
ANSL_61237,0,2
ANSL_64173,1,2
ANSL_66991,0,1
ANSL_72263,0,2
ANSL_72438,0,1
ANSL_55483,1,2
ANSL_51111,0,2
ANSL_70178,0,2
ANSL_63763,0,2
ANSL_71809,0,2
ANSL_72930,0,1
ANSL_67903,0,1
ANSL_59412,0,2
ANSL_73113,1,2
ANSL_50700,1,2
ANSL_58274,1,2
ANSL_74639,0,2
ANSL_69702,1,2
ANSL_63721,0,2
ANSL_69068,1,1
ANSL_54231,1,1
ANSL_59792,0,2
ANSL_53462,0,2
ANSL_72155,0,2
ANSL_54708,0,1
ANSL_63295,1,2
ANSL_67088,0,2
ANSL_59622,0,2
ANSL_69453,1,1
ANSL_68407,0,2
ANSL_72201,0,2
ANSL_63288,0,2
ANSL_53869,1,1
ANSL_53166,0,2
ANSL_66712,1,1
ANSL_68752,0,1
ANSL_58597,0,2
ANSL_68536,1,2
ANSL_66988,1,2
ANSL_73019,1,2
ANSL_51042,1,2
ANSL_72605,0,2
ANSL_50513,1,2
ANSL_74726,0,1
ANSL_71414,0,2
ANSL_62527,0,1
ANSL_52478,1,2
ANSL_61327,0,2
ANSL_51414,0,1
ANSL_69024,1,1
ANSL_76406,0,2
ANSL_74091,0,2
ANSL_69272,1,2
ANSL_73757,0,2
ANSL_66339,1,2
ANSL_55778,2,1
ANSL_50595,2,4
ANSL_56931,0,2
ANSL_51455,0,2
ANSL_70580,1,1
ANSL_74146,0,1
ANSL_60630,0,1
ANSL_58592,1,1
ANSL_52404,0,2
ANSL_62384,1,2
ANSL_65301,2,4
ANSL_51415,1,1
ANSL_75420,0,1
ANSL_71070,1,2
ANSL_53031,2,1
ANSL_66467,1,2
ANSL_56704,0,2
ANSL_74453,0,2
ANSL_63140,0,1
ANSL_64024,0,1
ANSL_64270,0,2
ANSL_54771,1,1
ANSL_74463,0,1
ANSL_58516,0,1
ANSL_66331,0,2
ANSL_66262,0,2
ANSL_51075,0,1
ANSL_62731,0,2
ANSL_54680,0,1
ANSL_53161,0,2
ANSL_74808,0,1
ANSL_52342,0,2
ANSL_76305,0,1
ANSL_58984,1,2
ANSL_76719,1,2
ANSL_56667,0,1
ANSL_64078,1,2
ANSL_67886,0,2
ANSL_66036,1,2
ANSL_73046,1,2
ANSL_59119,0,2
ANSL_53500,0,2
ANSL_72376,0,2
ANSL_60461,0,2
ANSL_63760,0,2
ANSL_64232,2,4
ANSL_53157,0,1
ANSL_68706,1,2
ANSL_72300,0,1
ANSL_54390,0,2
ANSL_62510,1,1
ANSL_74980,0,2
ANSL_63331,0,1
ANSL_61107,0,2
ANSL_67041,0,2
ANSL_54394,0,2
ANSL_65206,0,2
ANSL_67268,1,1
ANSL_68391,1,2
ANSL_71831,0,1
ANSL_60810,2,4
ANSL_51226,1,1
ANSL_63289,0,2
ANSL_56487,0,2
ANSL_63744,0,1
ANSL_74354,0,2
ANSL_51179,2,4
ANSL_71834,0,1
ANSL_58963,0,2
ANSL_74610,1,1
ANSL_51340,0,1
ANSL_76644,1,2
ANSL_60339,1,1
ANSL_60399,0,2
ANSL_50403,0,1
ANSL_64780,0,2
ANSL_66796,0,2
ANSL_74657,1,2
ANSL_65567,0,1
ANSL_70951,0,2
ANSL_56769,0,2
ANSL_71466,0,2
ANSL_61185,0,2
ANSL_62970,1,1
ANSL_69598,1,1
ANSL_65748,0,2
ANSL_52365,2,2
ANSL_67296,0,2
ANSL_55969,1,2
ANSL_61172,0,2
ANSL_74084,2,4
ANSL_69015,0,2
ANSL_51398,0,1
ANSL_52517,1,1
ANSL_64902,0,2
ANSL_54874,0,1
ANSL_64448,1,2
ANSL_74903,0,2
ANSL_65647,1,2
ANSL_60888,1,2
ANSL_71507,2,1
ANSL_56820,1,1
ANSL_61032,0,2
ANSL_61292,1,2
ANSL_52381,0,1
ANSL_51587,1,2
ANSL_75778,0,1
ANSL_75015,0,1
ANSL_50581,0,2
ANSL_56582,0,2
ANSL_72811,0,1
ANSL_69433,0,2
ANSL_75036,0,2
ANSL_59855,1,2
ANSL_50108,1,1
ANSL_62345,0,1
ANSL_71768,1,1
ANSL_66105,0,1
ANSL_70579,0,1
ANSL_61367,0,2
ANSL_56411,0,1
ANSL_53804,0,2
ANSL_56180,0,2
ANSL_71908,0,1
ANSL_62209,0,2
ANSL_64984,0,2
ANSL_51962,1,1
ANSL_65105,0,1
ANSL_50535,0,1
ANSL_75679,2,1
ANSL_68760,0,2
ANSL_75935,1,1
ANSL_55310,2,1
ANSL_73322,0,2
ANSL_54751,0,2
ANSL_56506,1,1
ANSL_54443,0,2
ANSL_70340,2,1
ANSL_66635,0,1
ANSL_57450,2,4
ANSL_75609,0,2
ANSL_67207,1,2
ANSL_54970,0,1
ANSL_51377,0,2
ANSL_57219,0,2
ANSL_68571,0,2
ANSL_66224,0,2
ANSL_58954,1,1
ANSL_54726,1,1
ANSL_75399,1,2
ANSL_73392,1,2
ANSL_63006,1,1
ANSL_50673,2,4
ANSL_66465,2,4
ANSL_68138,0,1
ANSL_75971,1,2
ANSL_68268,1,1
ANSL_62202,0,2
ANSL_66709,2,4
ANSL_67351,0,1
ANSL_71263,2,1
ANSL_69376,1,2
ANSL_52157,0,2
ANSL_61724,0,1
ANSL_71794,1,1
ANSL_62425,1,1
ANSL_69168,1,1
ANSL_69938,1,2
ANSL_57782,1,1
ANSL_65879,0,2
ANSL_76164,0,1
ANSL_75209,1,2
ANSL_54019,1,1
ANSL_69790,1,1
ANSL_55512,0,2
ANSL_53243,0,2
ANSL_72180,1,2
ANSL_64027,0,2
ANSL_56639,1,2
ANSL_67634,1,1
ANSL_59953,2,4
ANSL_62848,0,2
ANSL_73134,0,2
ANSL_75316,0,2
ANSL_73294,1,2
ANSL_76057,1,1
ANSL_69491,0,2
ANSL_53288,0,2
ANSL_66202,0,2
ANSL_75959,0,2
ANSL_68338,1,1
ANSL_74414,0,2
ANSL_66062,0,2
ANSL_66308,0,2
ANSL_61378,0,2
ANSL_56351,1,2
ANSL_59301,1,1
ANSL_59366,0,1
ANSL_59218,0,2
ANSL_53338,0,2
ANSL_69732,0,2
ANSL_72026,0,1
ANSL_56423,1,2
ANSL_54644,0,2
ANSL_64599,0,2
ANSL_56626,0,2
ANSL_58909,0,1
ANSL_74769,0,1
ANSL_76503,1,2
ANSL_54221,0,2
ANSL_56105,0,2
ANSL_59094,1,2
ANSL_69848,0,2
ANSL_58999,1,2
ANSL_75347,0,2
ANSL_60227,0,1
ANSL_69081,1,2
ANSL_51366,0,2
ANSL_50510,0,2
ANSL_75585,0,2
ANSL_60081,1,2
ANSL_69506,2,1
ANSL_57241,0,2
ANSL_63320,1,1
ANSL_51707,2,4
ANSL_76384,1,2
ANSL_56547,0,2
ANSL_50521,0,1
ANSL_52374,0,2
ANSL_59473,0,2
ANSL_61944,0,2
ANSL_73978,2,1
ANSL_63544,1,2
ANSL_59982,0,1
ANSL_52395,0,2
ANSL_53701,2,4
ANSL_56629,0,1
ANSL_64322,0,2
ANSL_61485,2,4
ANSL_54268,1,1
ANSL_61213,0,2
ANSL_53000,1,1
ANSL_60362,0,1
ANSL_61983,0,2
ANSL_67887,0,2
ANSL_66103,1,1
ANSL_62280,0,2
ANSL_60657,0,2
ANSL_56897,0,2
ANSL_71201,0,2
ANSL_61215,2,1
ANSL_54948,2,1
ANSL_75434,0,2
ANSL_56699,1,1
ANSL_75761,1,2
ANSL_69229,1,2
ANSL_66971,2,1
ANSL_61468,0,1
ANSL_53762,2,1
ANSL_71406,1,1
ANSL_69873,1,2
ANSL_62134,1,1
ANSL_52725,0,2
ANSL_71046,1,2
ANSL_74973,0,1
ANSL_66215,1,1
ANSL_52987,1,1
ANSL_64932,0,2
ANSL_73079,1,2
ANSL_59095,0,2
ANSL_50344,0,2
ANSL_63714,1,2
ANSL_65114,0,1
ANSL_73283,0,2
ANSL_74382,1,2
ANSL_63026,1,1
ANSL_57800,0,2
ANSL_56389,0,2
ANSL_67253,0,2
ANSL_54969,0,2
ANSL_71433,2,1
ANSL_73487,0,1
ANSL_54072,1,1
ANSL_54952,1,2
ANSL_52694,1,1
ANSL_69177,1,2
ANSL_54734,1,1
ANSL_57646,1,2
ANSL_67973,0,2
ANSL_71176,0,2
ANSL_58384,0,1
ANSL_55521,0,2
ANSL_64582,1,1
ANSL_64164,1,1
ANSL_75373,1,1
ANSL_69538,1,2
ANSL_75528,0,2
ANSL_70621,0,2
ANSL_58080,1,1
ANSL_58586,1,1
ANSL_68584,1,2
ANSL_52227,1,2
ANSL_68279,0,1
ANSL_51146,0,2
ANSL_50747,0,2
ANSL_71209,0,2
ANSL_55273,0,2
ANSL_67412,1,2
ANSL_59591,0,1
ANSL_50245,1,1
ANSL_52533,0,1
ANSL_75485,1,2
ANSL_58045,0,2
ANSL_75296,0,2
ANSL_74073,1,2
ANSL_56250,1,2
ANSL_67371,0,2
ANSL_56655,1,2
ANSL_72549,1,2
ANSL_64490,1,2
ANSL_70316,1,1
ANSL_69374,0,2
ANSL_67024,0,2
ANSL_52428,1,2
ANSL_63784,0,2
ANSL_53839,0,2
ANSL_73723,0,1
ANSL_67748,0,2
ANSL_54087,1,1
ANSL_62910,0,1
ANSL_75380,0,1
ANSL_67114,0,1
ANSL_67664,0,2
ANSL_73652,2,2
ANSL_59437,0,2
ANSL_55311,0,2
ANSL_72997,1,2
ANSL_74722,1,2
ANSL_52117,0,2
ANSL_64833,1,2
ANSL_67236,0,2
ANSL_51808,0,2
ANSL_70336,0,1
ANSL_61656,0,2
ANSL_72590,0,2
ANSL_75116,0,2
ANSL_67201,1,1
ANSL_53391,1,1
ANSL_66608,0,2
ANSL_56925,0,2
ANSL_64991,1,2
ANSL_59177,1,1
ANSL_65249,2,4
ANSL_54128,0,2
ANSL_59406,0,2
ANSL_52054,1,1
ANSL_50531,1,2
ANSL_55972,1,2
ANSL_69356,0,1
ANSL_52946,0,2
ANSL_55182,1,2
ANSL_53755,0,2
ANSL_51623,0,2
ANSL_67444,0,1
ANSL_69973,0,2
ANSL_52649,0,2
ANSL_65970,0,2
ANSL_69518,0,2
ANSL_59131,0,2
ANSL_58618,1,2
ANSL_52756,0,2
ANSL_59135,0,1
ANSL_70171,1,2
ANSL_61558,1,1
ANSL_59581,0,2
ANSL_68202,0,1
ANSL_55480,0,2
ANSL_72645,0,1
ANSL_62436,0,2
ANSL_75581,0,2
ANSL_58554,0,2
ANSL_70382,1,2
ANSL_66176,0,2
ANSL_71618,0,2
ANSL_57077,1,2
ANSL_54788,1,1
ANSL_69258,1,2
ANSL_66030,0,2
ANSL_67523,0,2
ANSL_72046,0,2
ANSL_60226,0,1
ANSL_60813,0,2
ANSL_66040,0,1
ANSL_55215,1,2
ANSL_62053,1,1
ANSL_62667,0,2
ANSL_62915,0,2
ANSL_55640,0,1
ANSL_54395,2,4
ANSL_53205,0,2
ANSL_63242,0,1
ANSL_71610,0,1
ANSL_64265,1,1
ANSL_74436,1,1
ANSL_60854,1,1
ANSL_49993,0,2
ANSL_72430,0,1
ANSL_52511,1,2
ANSL_59310,0,2
ANSL_69279,0,2
ANSL_64176,0,2
ANSL_62043,1,1
ANSL_74234,0,1
ANSL_66658,2,4
ANSL_53432,0,1
ANSL_76844,1,2
ANSL_66630,1,2
ANSL_73342,1,2
ANSL_75826,1,1
ANSL_60450,0,2
ANSL_70043,0,2
ANSL_59452,1,2
ANSL_53014,1,2
ANSL_59502,0,2
ANSL_63897,1,2
ANSL_64347,1,1
ANSL_72218,0,2
ANSL_75351,1,2
ANSL_51048,0,2
ANSL_58915,1,2
ANSL_51549,1,2
ANSL_66068,1,2
ANSL_57572,0,2
ANSL_75687,1,1
ANSL_73303,0,2
ANSL_72977,2,1
ANSL_69458,0,2
ANSL_64420,1,2
ANSL_57264,0,2
ANSL_70175,0,2
ANSL_69010,0,1
ANSL_69549,0,2
ANSL_58083,0,1
ANSL_60084,1,1
ANSL_75192,0,1
ANSL_53478,0,2
ANSL_52943,1,1
ANSL_63494,0,2
ANSL_57141,1,2
ANSL_65815,0,1
ANSL_66286,1,2
ANSL_54199,0,2
ANSL_55513,0,2
ANSL_60463,0,2
ANSL_73856,2,1
ANSL_72730,0,2
ANSL_56559,1,1
ANSL_66056,1,2
ANSL_71707,0,1
ANSL_66779,0,2
ANSL_58717,1,2
ANSL_52006,0,2
ANSL_54217,0,1
ANSL_59404,1,1
ANSL_62674,2,1
ANSL_55553,0,1
ANSL_64037,0,1
ANSL_60638,0,2
ANSL_56226,1,2
ANSL_71139,0,2
ANSL_62542,0,1
ANSL_70599,2,4
ANSL_73130,1,2
ANSL_74150,1,2
ANSL_61222,0,2
ANSL_65540,1,2
ANSL_72911,1,1
ANSL_51983,0,1
ANSL_60693,0,2
ANSL_57773,1,1
ANSL_64590,0,1
ANSL_66705,0,2
ANSL_64619,2,1
ANSL_60655,1,2
ANSL_65341,0,1
ANSL_73858,0,2
ANSL_61254,0,1
ANSL_61816,0,1
ANSL_74279,0,2
ANSL_73645,0,2
ANSL_74404,0,1
ANSL_51821,0,1
ANSL_73839,0,2
ANSL_62744,0,2
ANSL_53150,1,1
ANSL_67248,0,2
ANSL_64345,1,2
ANSL_70814,2,4
ANSL_55223,0,2
ANSL_53968,1,2
ANSL_65444,1,1
ANSL_75815,1,1
ANSL_73222,0,1
ANSL_66476,1,1
ANSL_61411,0,2
ANSL_62977,0,1
ANSL_64873,1,2
ANSL_66386,0,1
ANSL_64957,0,2
ANSL_71628,0,2
ANSL_65295,0,2
ANSL_57742,1,1
ANSL_66764,1,1
ANSL_69715,1,2
ANSL_52878,0,1
ANSL_71390,0,1
ANSL_62060,0,1
ANSL_69256,2,4
ANSL_68358,0,2
ANSL_72015,0,2
ANSL_75874,0,1
ANSL_63987,0,2
ANSL_65260,0,2
ANSL_69259,2,4
ANSL_67151,2,4
ANSL_72942,0,2
ANSL_75546,0,1
ANSL_60709,1,2
ANSL_52422,0,1
ANSL_54869,0,2
ANSL_69429,2,1
ANSL_67742,1,2
ANSL_63137,0,2
ANSL_52388,0,2
ANSL_52183,0,2
ANSL_62481,1,2
ANSL_59943,1,1
ANSL_65900,1,2
ANSL_50160,0,1
ANSL_70324,1,2
ANSL_54179,1,2
ANSL_60562,1,1
ANSL_67948,2,1
ANSL_57775,1,1
ANSL_50584,0,2
ANSL_67976,0,2
ANSL_56315,0,1
ANSL_51525,2,1
ANSL_58732,1,2
ANSL_65420,0,2
ANSL_55455,0,1
ANSL_56320,1,2
ANSL_65189,0,2
ANSL_62599,1,2
ANSL_53475,1,1
ANSL_66018,0,2
ANSL_66632,0,1
ANSL_55103,0,2
ANSL_60863,0,2
ANSL_54697,0,2
ANSL_74105,0,1
ANSL_68431,0,2
ANSL_51061,0,1
ANSL_59097,0,2
ANSL_76111,0,2
ANSL_64072,0,2
ANSL_50908,1,2
ANSL_53607,1,2
ANSL_56787,1,1
ANSL_55240,0,1
ANSL_66806,0,1
ANSL_50711,0,2
ANSL_63792,0,1
ANSL_53537,1,1
ANSL_66546,0,2
ANSL_63317,0,1
ANSL_51224,1,1
ANSL_76769,1,2
ANSL_55114,1,1
ANSL_52693,1,1
ANSL_69059,0,1
ANSL_57884,0,1
ANSL_66167,1,2
ANSL_66986,0,2
ANSL_65619,0,2
ANSL_73190,1,1
ANSL_54917,0,1
ANSL_59969,0,2
ANSL_58231,2,4
ANSL_59665,0,2
ANSL_63146,0,1
ANSL_66468,2,4
ANSL_65242,1,1
ANSL_65587,1,1
ANSL_64560,0,2
ANSL_74037,0,2
ANSL_52310,0,2
ANSL_59233,1,2
ANSL_57134,0,1
ANSL_63067,1,1
ANSL_61708,0,2
ANSL_59407,1,1
ANSL_52821,1,2
ANSL_70754,1,2
ANSL_56334,2,4
ANSL_52257,2,1
ANSL_50516,0,2
ANSL_67575,2,4
ANSL_67758,1,2
ANSL_63928,1,2
ANSL_56025,1,2
ANSL_64262,0,2
ANSL_52534,0,2
ANSL_53713,0,2
ANSL_64395,1,2
ANSL_52153,0,1
ANSL_69361,0,1
ANSL_67085,0,2
ANSL_73411,0,2
ANSL_70456,0,2
ANSL_66637,1,2
ANSL_55572,1,2
ANSL_75084,0,1
ANSL_64266,1,2
ANSL_53371,0,2
ANSL_54741,0,1
ANSL_65006,1,2
ANSL_71131,1,2
ANSL_66281,2,4
ANSL_56209,1,1
ANSL_51959,0,1
ANSL_53998,2,4
ANSL_68843,2,4
ANSL_65476,0,2
ANSL_53260,1,1
ANSL_51628,1,1
ANSL_65369,0,2
ANSL_57931,0,2
ANSL_55558,0,2
ANSL_75442,0,2
ANSL_62318,0,2
ANSL_76497,0,1
ANSL_65278,1,2
ANSL_62655,1,2
ANSL_56377,0,2
ANSL_72165,1,1
ANSL_51529,0,1
ANSL_64063,0,2
ANSL_61772,0,2
ANSL_55378,0,1
ANSL_71858,1,2
ANSL_68105,2,1
ANSL_70784,1,2
ANSL_65092,0,2
ANSL_73247,2,4
ANSL_74921,1,1
ANSL_73930,0,2
ANSL_71659,0,2
ANSL_53051,0,2
ANSL_62232,1,2
ANSL_58692,0,1
ANSL_68772,2,4
ANSL_63911,0,2
ANSL_54027,2,4
ANSL_53141,0,2
ANSL_51939,2,1
ANSL_67576,0,1
ANSL_61875,0,1
ANSL_74071,2,4
ANSL_72835,0,2
ANSL_50775,2,1
ANSL_75241,0,2
ANSL_62966,0,1
ANSL_65830,0,1
ANSL_54091,1,1
ANSL_58842,0,1
ANSL_59570,0,1
ANSL_71967,1,1
ANSL_61610,1,1
ANSL_64148,1,2
ANSL_76386,0,1
ANSL_56380,1,2
ANSL_53024,0,2
ANSL_76028,0,2
ANSL_72122,0,2
ANSL_51022,1,2
ANSL_53329,2,4
ANSL_53766,0,2
ANSL_68302,1,1
ANSL_52530,0,2
ANSL_64211,1,2
ANSL_72666,1,2
ANSL_71076,0,1
ANSL_64603,0,2
ANSL_72625,0,2
ANSL_73406,1,2
ANSL_60989,1,2
ANSL_63867,1,1
ANSL_73248,0,2
ANSL_73452,0,1
ANSL_56243,0,2
ANSL_70366,0,2
ANSL_58079,0,2
ANSL_71313,0,1
ANSL_53077,0,2
ANSL_57823,1,1
ANSL_71946,0,1
ANSL_56371,1,1
ANSL_71478,1,2
ANSL_53775,0,2
ANSL_66288,1,1
ANSL_50474,1,2
ANSL_51804,1,1
ANSL_53625,1,2
ANSL_67985,0,1
ANSL_76649,0,2
ANSL_69608,2,4
ANSL_72279,0,2
ANSL_52387,1,2
ANSL_60779,0,1
ANSL_68086,0,2
ANSL_66613,0,2
ANSL_64813,0,2
ANSL_70319,2,4
ANSL_61010,0,2
ANSL_68385,0,1
ANSL_56493,0,2
ANSL_74158,0,2
ANSL_54047,1,2
ANSL_62662,1,1
ANSL_49973,0,2
ANSL_65705,0,1
ANSL_72454,1,2
ANSL_63162,1,1
ANSL_62204,1,2
ANSL_70643,0,1
ANSL_60912,2,4
ANSL_51232,0,1
ANSL_51361,1,1
ANSL_62815,1,2
ANSL_62633,0,2
ANSL_54654,0,2
ANSL_75020,1,1
ANSL_58825,0,2
ANSL_55022,0,1
ANSL_67621,1,2
ANSL_74343,0,2
ANSL_60678,0,1
ANSL_58180,1,2
ANSL_57165,1,1
ANSL_69072,0,1
ANSL_61622,1,2
ANSL_76313,1,2
ANSL_55003,0,1
ANSL_63869,0,1
ANSL_57455,0,2
ANSL_72964,0,2
ANSL_57726,0,1
ANSL_73771,1,2
ANSL_58205,0,1
ANSL_67143,0,2
ANSL_76694,1,2
ANSL_53988,0,2
ANSL_74775,0,1
ANSL_53309,0,2
ANSL_52249,1,1
ANSL_62129,0,2
ANSL_65461,1,2
ANSL_55991,0,1
ANSL_69655,0,1
ANSL_58799,0,1
ANSL_61246,0,1
ANSL_58641,1,2
ANSL_74275,0,1
ANSL_54415,0,2
ANSL_52663,0,1
ANSL_58888,1,2
ANSL_74643,0,1
ANSL_70745,1,1
ANSL_53449,1,2
ANSL_55430,0,2
ANSL_72744,2,4
ANSL_74239,0,2
ANSL_74366,0,2
ANSL_74539,0,1
ANSL_50779,1,2
ANSL_60777,1,2
ANSL_60751,0,2
ANSL_73654,1,2
ANSL_74503,1,2
ANSL_76147,0,1
ANSL_50044,0,1
ANSL_54506,1,2
ANSL_52896,1,1
ANSL_55435,2,1
ANSL_60761,0,2
ANSL_50372,0,2
ANSL_52636,0,2
ANSL_53995,1,2
ANSL_60014,1,2
ANSL_62942,0,2
ANSL_60602,1,2
ANSL_72481,0,1
ANSL_74298,0,1
ANSL_56135,1,2
ANSL_71337,0,2
ANSL_57582,0,1
ANSL_56507,1,2
ANSL_62934,1,2
ANSL_53018,0,1
ANSL_67655,0,2
ANSL_69694,2,1
ANSL_74015,2,4
ANSL_68685,0,1
ANSL_51046,1,2
ANSL_63829,0,1
ANSL_73435,0,2
ANSL_55790,0,1
ANSL_50515,0,1
ANSL_53460,0,1
ANSL_72220,1,1
ANSL_60936,0,2
ANSL_64356,0,2
ANSL_54319,1,2
ANSL_59365,0,2
ANSL_57598,0,1
ANSL_54278,0,2
ANSL_71980,0,2
ANSL_63634,0,2
ANSL_51706,1,2
ANSL_56058,1,2
ANSL_51617,2,4
ANSL_61966,0,2
ANSL_75820,1,2
ANSL_75583,1,1
ANSL_57125,0,2
ANSL_58233,0,1
ANSL_58199,0,1
ANSL_54661,0,2
ANSL_52416,0,1
ANSL_57214,1,1
ANSL_53331,0,2
ANSL_63296,2,1
ANSL_64296,0,1
ANSL_57880,0,2
ANSL_67241,1,2
ANSL_72442,0,2
ANSL_61758,0,1
ANSL_60160,1,2
ANSL_59329,1,2
ANSL_52822,0,1
ANSL_72131,1,1
ANSL_58451,2,4
ANSL_66216,0,2
ANSL_63152,0,2
ANSL_56222,0,2
ANSL_55602,1,2
ANSL_55576,0,1
ANSL_53087,1,2
ANSL_51743,0,1
ANSL_51096,2,4
ANSL_57883,0,2
ANSL_71171,0,1
ANSL_53466,0,1
ANSL_52120,0,2
ANSL_57996,0,1
ANSL_56845,0,2
ANSL_68718,0,2
ANSL_75726,1,2
ANSL_54921,0,2
ANSL_59632,0,2
ANSL_56812,0,1
ANSL_61902,1,1
ANSL_53521,1,1
ANSL_62868,0,2
ANSL_58556,0,2
ANSL_61892,1,2
ANSL_73838,2,1
ANSL_59630,0,2
ANSL_76444,2,4
ANSL_75955,1,1
ANSL_69753,0,2
ANSL_53302,0,2
ANSL_53415,0,2
ANSL_54604,0,1
ANSL_75390,0,2
ANSL_64797,0,1
ANSL_54483,1,2
ANSL_63227,1,1
ANSL_75493,0,1
ANSL_50897,1,2
ANSL_66277,0,1
ANSL_60552,1,2
ANSL_63746,2,1
ANSL_65777,0,1
ANSL_56556,1,1
ANSL_51875,0,1
ANSL_57355,1,2
ANSL_54544,1,2
ANSL_51038,1,2
ANSL_73953,1,2
ANSL_51565,0,2
ANSL_73086,0,1
ANSL_57942,0,2
ANSL_51919,0,2
ANSL_64658,2,4
ANSL_52480,1,2
ANSL_61425,0,2
ANSL_52490,1,1
ANSL_55803,0,1
ANSL_65312,2,1
ANSL_61905,0,1
ANSL_64198,0,1
ANSL_76246,1,2
ANSL_52169,0,2
ANSL_55760,0,2
ANSL_74872,1,2
ANSL_55793,0,2
ANSL_72479,1,2
ANSL_53365,0,2
ANSL_50905,0,2
ANSL_68882,0,2
ANSL_74915,2,4
ANSL_59874,0,2
ANSL_60775,1,1
ANSL_70088,0,1
ANSL_73681,0,2
ANSL_66559,0,1
ANSL_75599,0,1
ANSL_50067,1,1
ANSL_71742,0,2
ANSL_63742,0,2
ANSL_71746,0,1
ANSL_63306,0,2
ANSL_51598,1,2
ANSL_56527,0,1
ANSL_50590,1,1
ANSL_56654,1,1
ANSL_59641,2,1
ANSL_72061,1,2
ANSL_67567,1,2
ANSL_63824,1,2
ANSL_64115,1,1
ANSL_56766,0,1
ANSL_51758,0,1
ANSL_73387,0,2
ANSL_65584,0,1
ANSL_67496,1,2
ANSL_63576,0,2
ANSL_68689,0,1
ANSL_55438,1,2
ANSL_75807,0,2
ANSL_67616,1,1
ANSL_70851,1,1
ANSL_76500,0,2
ANSL_51764,0,2
ANSL_57668,1,1
ANSL_50705,0,1
ANSL_72668,2,4
ANSL_53708,1,1
ANSL_72198,1,1
ANSL_74901,0,1
ANSL_66789,1,2
ANSL_65212,0,2
ANSL_73909,0,2
ANSL_54957,1,2
ANSL_61749,0,2
ANSL_62607,0,2
ANSL_57365,2,4
ANSL_59385,0,2
ANSL_62900,0,1
ANSL_60772,1,2
ANSL_51552,2,1
ANSL_68272,1,2
ANSL_59424,0,2
ANSL_60827,0,1
ANSL_76022,1,1
ANSL_52062,1,1
ANSL_57599,0,2
ANSL_59662,0,2
ANSL_59285,1,1
ANSL_51698,0,2
ANSL_73551,0,1
ANSL_76150,2,4
ANSL_76658,0,2
ANSL_66636,1,2
ANSL_65257,0,2
ANSL_69217,2,1
ANSL_72084,0,1
ANSL_68033,1,2
ANSL_73033,2,1
ANSL_57197,0,1
ANSL_75663,0,2
ANSL_76505,0,2
ANSL_58467,0,2
ANSL_53320,0,2
ANSL_71896,0,2
ANSL_70095,1,1
ANSL_69907,0,1
ANSL_50844,0,1
ANSL_54070,0,2
ANSL_70474,1,1
ANSL_75806,0,2
ANSL_69723,0,2
ANSL_52138,0,1
ANSL_65716,0,2
ANSL_50511,0,1
ANSL_57916,0,1
ANSL_70895,1,1
ANSL_55962,0,1
ANSL_63991,0,1
ANSL_70844,0,2
ANSL_57076,0,2
ANSL_74085,1,2
ANSL_71678,2,4
ANSL_75359,1,2
ANSL_54062,1,2
ANSL_57173,1,1
ANSL_71102,0,2
ANSL_68566,1,1
ANSL_55213,0,2
ANSL_64703,2,1
ANSL_71150,1,2
ANSL_76733,0,2
ANSL_50212,0,1
ANSL_73010,0,1
ANSL_63475,1,2
ANSL_74763,0,1
ANSL_74324,1,1
ANSL_55070,0,1
ANSL_54902,1,2
ANSL_60499,1,2
ANSL_71444,1,1
ANSL_57804,1,1
ANSL_74426,1,2
ANSL_63389,1,1
ANSL_63400,0,2
ANSL_69875,1,2
ANSL_52349,0,1
ANSL_74048,0,2
ANSL_76815,0,1
ANSL_61623,0,2
ANSL_65956,2,1
ANSL_58424,1,2
ANSL_60539,1,1
ANSL_71874,0,2
ANSL_57079,1,1
ANSL_69240,1,2
ANSL_69833,1,1
ANSL_57389,0,1
ANSL_56301,2,4
ANSL_68297,1,2
ANSL_63806,1,2
ANSL_70699,0,2
ANSL_65504,1,2
ANSL_62956,1,2
ANSL_61684,2,1
ANSL_59853,1,2
ANSL_62723,0,2
ANSL_50771,0,2
ANSL_60158,2,4
ANSL_76275,2,2
ANSL_76178,1,1
ANSL_56800,1,1
ANSL_53245,1,1
ANSL_75114,1,2
ANSL_57075,0,2
ANSL_53595,0,1
ANSL_55896,1,1
ANSL_50257,0,2
ANSL_50666,0,2
ANSL_72202,0,1
ANSL_52738,2,1
ANSL_55781,0,2
ANSL_66210,0,2
ANSL_57615,0,2
ANSL_72311,1,1
ANSL_60128,0,1
ANSL_60701,0,2
ANSL_73523,0,2
ANSL_58049,0,2
ANSL_65346,1,2
ANSL_57492,0,1
ANSL_53264,0,2
ANSL_54990,0,1
ANSL_72025,0,2
ANSL_55498,0,1
ANSL_66301,0,1
ANSL_69167,1,2
ANSL_52895,1,2
ANSL_69042,0,2
ANSL_66191,0,2
ANSL_70824,0,1
ANSL_70081,1,2
ANSL_54130,0,1
ANSL_72652,1,2
ANSL_69775,0,2
ANSL_54984,1,2
ANSL_75254,1,1
ANSL_59229,1,1
ANSL_55630,1,2
ANSL_70503,1,1
ANSL_55663,0,2
ANSL_64009,0,2
ANSL_75689,0,2
ANSL_66974,1,1
ANSL_67242,0,1
ANSL_54067,1,2
ANSL_52074,0,2
ANSL_60546,1,2
ANSL_55901,1,2
ANSL_76608,1,2
ANSL_60292,0,2
ANSL_56708,0,2
ANSL_69483,0,2
ANSL_69262,0,2
ANSL_60067,0,1
ANSL_72802,0,2
ANSL_55996,0,1
ANSL_55748,0,1
ANSL_68215,0,2
ANSL_52468,1,2
ANSL_58498,1,1
ANSL_55912,2,4
ANSL_65195,0,2
ANSL_55784,1,2
ANSL_62369,0,1
ANSL_73721,0,1
ANSL_74406,0,2
ANSL_71849,0,1
ANSL_70416,0,2
ANSL_58353,0,2
ANSL_53599,1,1
ANSL_63635,0,1
ANSL_69620,1,1
ANSL_63153,0,1
ANSL_62872,1,2
ANSL_56417,1,1
ANSL_75191,0,2
ANSL_55400,1,1
ANSL_55658,0,2
ANSL_74228,0,1
ANSL_54686,1,2
ANSL_70540,1,2
ANSL_73497,0,2
ANSL_56984,0,1
ANSL_67506,0,1
ANSL_63198,1,1
ANSL_70999,0,2
ANSL_73957,0,2
ANSL_61154,0,1
ANSL_62135,1,1
ANSL_54703,1,1
ANSL_53402,0,2
ANSL_71638,0,2
ANSL_50441,2,1
ANSL_52519,0,1
ANSL_64182,0,1
ANSL_62696,0,2
ANSL_53224,0,1
ANSL_53299,0,1
ANSL_74322,1,1
ANSL_56558,0,2
ANSL_52848,0,2
ANSL_61461,0,1
ANSL_73118,0,2
ANSL_66516,0,1
ANSL_62578,1,2
ANSL_67826,1,2
ANSL_63959,0,2
ANSL_60126,0,2
ANSL_61664,0,2
ANSL_53283,0,2
ANSL_58324,0,1
ANSL_69459,0,1
ANSL_71850,2,1
ANSL_53382,0,2
ANSL_62152,0,2
ANSL_65990,1,2
ANSL_55447,0,1
ANSL_63647,0,2
ANSL_57951,2,4
ANSL_70281,1,2
ANSL_67037,0,2
ANSL_65322,0,2
ANSL_67276,1,1
ANSL_60240,0,2
ANSL_65861,1,1
ANSL_71051,1,2
ANSL_62604,2,1
ANSL_51113,0,2
ANSL_64625,0,2
ANSL_70614,0,1
ANSL_56775,0,2
ANSL_56627,1,2
ANSL_52518,0,2
ANSL_67518,1,2
ANSL_55556,1,2
ANSL_53727,1,2
ANSL_75253,1,1
ANSL_66537,0,2
ANSL_68708,0,2
ANSL_56660,0,2
ANSL_71219,1,2
ANSL_70017,0,2
ANSL_61284,0,1
ANSL_68384,0,2
ANSL_59362,0,4
ANSL_57154,2,4
ANSL_66010,0,2
ANSL_68375,0,2
ANSL_58500,0,2
ANSL_54823,0,1
ANSL_68255,1,2
ANSL_64518,0,1
ANSL_68719,2,4
ANSL_55992,0,2
ANSL_74530,0,2
ANSL_54134,0,2
ANSL_75217,0,2
ANSL_60493,1,2
ANSL_65292,1,2
ANSL_70091,2,1
ANSL_63605,1,2
ANSL_61196,1,2
ANSL_73557,0,1
ANSL_62162,1,2
ANSL_52540,0,1
ANSL_71275,1,2
ANSL_53143,1,2
ANSL_64113,1,2
ANSL_60559,0,2
ANSL_66134,0,1
ANSL_58543,2,2
ANSL_64331,0,1
ANSL_74474,1,2
ANSL_54916,0,2
ANSL_73264,1,2
ANSL_50007,0,2
ANSL_74879,0,2
ANSL_53158,0,2
ANSL_73198,1,1
ANSL_53800,0,1
ANSL_72355,0,1
ANSL_60571,1,1
ANSL_64091,2,1
ANSL_58254,0,2
ANSL_74918,1,1
ANSL_59724,0,2
ANSL_67579,0,1
ANSL_69032,2,4
ANSL_65756,1,1
ANSL_67547,0,1
ANSL_59130,0,2
ANSL_55095,1,1
ANSL_50442,0,1
ANSL_62136,0,1
ANSL_74214,0,1
ANSL_73331,0,2
ANSL_76574,0,1
ANSL_64021,0,2
ANSL_53948,1,2
ANSL_69710,1,2
ANSL_54664,0,1
ANSL_65063,2,1
ANSL_68137,1,1
ANSL_62255,0,1
ANSL_74330,0,1
ANSL_65913,0,2
ANSL_63645,0,2
ANSL_76479,0,2
ANSL_66445,0,1
ANSL_60253,0,2
ANSL_63299,2,4
ANSL_63390,0,1
ANSL_74401,2,1
ANSL_64168,0,1
ANSL_73903,1,2
ANSL_70261,1,2
ANSL_54270,1,2
ANSL_59866,0,2
ANSL_59250,0,2
ANSL_65012,0,2
ANSL_71483,0,1
ANSL_66379,0,2
ANSL_69760,1,2
ANSL_58648,1,2
ANSL_66921,0,2
ANSL_60903,2,1
ANSL_68181,0,1
ANSL_52135,1,1
ANSL_62756,1,2
ANSL_64048,0,2
ANSL_69534,0,1
ANSL_62627,1,2
ANSL_63883,0,2
ANSL_53915,0,2
ANSL_55552,1,2
ANSL_55253,1,2
ANSL_72348,0,2
ANSL_68699,1,1
ANSL_57935,0,2
ANSL_70269,2,4
ANSL_69575,0,2
ANSL_51329,0,2
ANSL_73014,0,2
ANSL_51482,1,1
ANSL_73597,2,4
ANSL_62737,0,2
ANSL_66437,1,1
ANSL_55699,0,1
ANSL_76074,1,2
ANSL_72498,0,2
ANSL_54275,0,2
ANSL_61809,0,2
ANSL_53124,0,2
ANSL_71364,0,2
ANSL_62614,0,1
ANSL_63113,1,2
ANSL_63619,2,4
ANSL_58683,0,2
ANSL_73176,1,2
ANSL_73433,1,2
ANSL_69260,0,2
ANSL_65563,0,2
ANSL_63573,1,2
ANSL_76610,1,2
ANSL_70393,0,1
ANSL_61210,0,2
ANSL_60585,1,2
ANSL_51510,1,1
ANSL_61766,0,2
ANSL_50689,2,4
ANSL_76104,1,1
ANSL_61274,1,2
ANSL_66953,0,2
ANSL_53060,1,1
ANSL_56740,0,2
ANSL_59272,0,1
ANSL_67072,0,2
ANSL_61763,0,1
ANSL_73169,1,1
ANSL_62062,1,2
ANSL_53201,1,2
ANSL_64393,0,1
ANSL_69172,1,2
ANSL_69339,0,1
ANSL_55010,1,2
ANSL_74629,0,1
ANSL_66315,0,1
ANSL_68586,1,2
ANSL_74664,0,1
ANSL_73847,0,1
ANSL_65321,0,2
ANSL_72756,2,2
ANSL_58323,0,1
ANSL_75231,1,2
ANSL_52320,0,2
ANSL_73549,1,2
ANSL_69835,0,1
ANSL_64691,1,2
ANSL_60646,1,2
ANSL_70761,0,1
ANSL_70679,1,2
ANSL_52308,0,2
ANSL_51175,1,2
ANSL_55569,0,2
ANSL_66597,0,2
ANSL_61045,0,2
ANSL_71316,0,2
ANSL_73692,0,1
ANSL_50309,0,1
ANSL_52732,0,2
ANSL_59935,2,4
ANSL_63148,0,1
ANSL_75655,1,2
ANSL_68810,1,2
ANSL_65045,0,2
ANSL_57894,0,2
ANSL_53626,0,2
ANSL_66532,0,2
ANSL_69450,1,2
ANSL_60684,0,2
ANSL_67578,1,1
ANSL_58023,0,2
ANSL_72968,0,2
ANSL_55543,1,1
ANSL_52514,0,1
ANSL_74176,0,2
ANSL_64180,0,1
ANSL_64203,1,2
ANSL_75652,1,2
ANSL_72671,2,4
ANSL_56307,0,2
ANSL_50929,1,2
ANSL_73653,0,2
ANSL_62743,0,2
ANSL_57458,1,2
ANSL_53199,1,2
ANSL_51820,0,1
ANSL_59783,0,2
ANSL_62749,0,1
ANSL_72418,0,2
ANSL_57893,1,1
ANSL_61428,1,2
ANSL_56086,1,1
ANSL_76864,0,2
ANSL_76219,0,1
ANSL_62557,0,1
ANSL_60624,1,2
ANSL_51926,1,2
ANSL_69999,0,2
ANSL_71049,1,2
ANSL_70285,0,2
ANSL_74795,0,2
ANSL_65767,1,2
ANSL_50501,0,2
ANSL_65852,0,2
ANSL_63034,0,1
ANSL_54049,0,2
ANSL_57358,0,2
ANSL_73093,1,2
ANSL_71027,0,2
ANSL_58499,0,2
ANSL_51533,0,2
ANSL_68997,1,1
ANSL_52134,0,2
ANSL_74081,0,1
ANSL_68339,1,1
ANSL_66769,0,2
ANSL_61283,1,2
ANSL_57261,0,2
ANSL_63373,0,2
ANSL_72806,0,2
ANSL_60742,1,2
ANSL_64077,0,2
ANSL_74229,1,2
ANSL_65000,1,2
ANSL_51299,0,1
ANSL_58501,0,1
ANSL_67909,1,1
ANSL_54471,0,2
ANSL_65671,1,2
ANSL_63356,0,1
ANSL_56160,0,2
ANSL_50451,0,1
ANSL_51560,2,4
ANSL_73724,0,1
ANSL_73684,0,2
ANSL_67023,0,2
ANSL_72480,1,1
ANSL_63490,1,2
ANSL_61710,0,2
ANSL_71860,0,2
ANSL_72113,0,2
ANSL_73254,1,2
ANSL_64732,0,1
ANSL_63424,1,2
ANSL_71520,1,1
ANSL_65678,0,2
ANSL_60792,2,1
ANSL_58624,0,2
ANSL_58792,0,2
ANSL_71616,1,2
ANSL_72675,0,2
ANSL_63105,0,1
ANSL_65185,0,2
ANSL_52283,2,4
ANSL_57370,2,1
ANSL_65083,1,2
ANSL_50563,0,2
ANSL_59735,0,1
ANSL_58867,1,2
ANSL_57112,1,2
ANSL_53787,0,1
ANSL_58534,0,1
ANSL_50479,0,1
ANSL_76425,2,4
ANSL_56403,1,2
ANSL_71798,0,2
ANSL_60592,0,1
ANSL_63165,0,2
ANSL_66084,0,2
ANSL_53002,0,2
ANSL_68265,1,2
ANSL_58245,1,2
ANSL_73868,1,2
ANSL_56783,1,2
ANSL_53952,0,1
ANSL_68891,0,1
ANSL_57477,1,2
ANSL_54099,0,2
ANSL_70714,1,1
ANSL_62965,1,2
ANSL_67623,0,1
ANSL_61851,0,2
ANSL_56038,0,2
ANSL_56106,0,2
ANSL_55894,0,1
ANSL_72659,2,4
ANSL_50644,0,1
ANSL_65029,2,1
ANSL_74626,0,2
ANSL_61500,0,1
ANSL_55583,1,2
ANSL_64136,0,2
ANSL_68213,1,2
ANSL_72189,0,1
ANSL_70966,0,2
ANSL_54519,0,2
ANSL_66756,0,2
ANSL_55475,2,4
ANSL_69213,1,1
ANSL_67129,1,1
ANSL_72389,1,1
ANSL_69560,0,2
ANSL_65013,0,1
ANSL_64666,1,1
ANSL_53165,1,1
ANSL_52898,0,1
ANSL_52610,0,1
ANSL_66830,2,4
ANSL_60017,0,2
ANSL_74727,1,1
ANSL_62015,1,2
ANSL_69142,0,1
ANSL_65512,0,1
ANSL_62406,0,2
ANSL_63266,1,1
ANSL_62049,0,2
ANSL_71751,0,1
ANSL_55398,0,2
ANSL_54939,1,2
ANSL_70499,2,4
ANSL_65050,0,1
ANSL_70739,2,4
ANSL_61641,0,2
ANSL_62670,0,2
ANSL_51167,0,1
ANSL_56020,0,1
ANSL_59164,1,2
ANSL_53240,0,2
ANSL_50204,0,1
ANSL_74788,1,2
ANSL_71079,0,1
ANSL_53217,1,2
ANSL_50260,0,1
ANSL_68055,0,2
ANSL_71319,1,2
ANSL_68568,1,2
ANSL_50648,0,2
ANSL_75328,1,2
ANSL_55798,0,2
ANSL_55712,0,2
ANSL_56182,1,2
ANSL_56685,0,2
ANSL_66225,1,2
ANSL_65406,0,1
ANSL_59972,1,2
ANSL_71342,0,2
ANSL_64648,0,1
ANSL_59333,0,1
ANSL_60327,1,1
ANSL_62264,0,2
ANSL_72250,0,2
ANSL_54363,0,2
ANSL_63863,0,1
ANSL_66887,0,2
ANSL_59598,0,2
ANSL_66731,0,2
ANSL_67392,0,2
ANSL_64775,2,4
ANSL_66968,1,2
ANSL_60422,0,2
ANSL_52264,0,1
ANSL_57078,0,2
ANSL_58012,1,1
ANSL_57968,0,1
ANSL_69077,1,2
ANSL_68149,0,2
ANSL_69578,0,1
ANSL_59494,0,2
ANSL_72337,0,2
ANSL_61241,1,1
ANSL_70916,0,2
ANSL_57056,1,1
ANSL_68936,1,2
ANSL_61060,0,2
ANSL_72456,1,2
ANSL_64219,1,2
ANSL_62783,0,1
ANSL_69475,0,1
ANSL_74219,0,1
ANSL_58964,0,2
ANSL_70468,1,1
ANSL_59835,1,1
ANSL_66749,1,2
ANSL_51712,0,1
ANSL_68614,0,2
ANSL_66792,1,1
ANSL_67232,1,2
ANSL_62653,1,2
ANSL_59487,0,2
ANSL_50996,1,2
ANSL_66395,0,2
ANSL_71605,1,2
ANSL_72755,0,1
ANSL_75235,0,1
ANSL_53119,1,2
ANSL_50468,1,1
ANSL_69294,0,2
ANSL_76106,1,1
ANSL_57638,1,1
ANSL_74978,1,1
ANSL_58788,0,1
ANSL_68542,1,1
ANSL_75489,0,1
ANSL_54396,0,2
ANSL_71327,0,2
ANSL_65087,1,1
ANSL_64241,0,2
ANSL_54770,1,1
ANSL_59739,1,1
ANSL_73853,1,1
ANSL_57516,1,1
ANSL_71592,0,2
ANSL_55833,1,2
ANSL_58975,2,4
ANSL_68121,1,1
ANSL_71068,1,2
ANSL_65335,0,2
ANSL_53336,0,2
ANSL_59485,1,2
ANSL_54318,1,1
ANSL_50892,1,1
ANSL_66183,1,2
ANSL_65423,1,2
ANSL_70007,0,2
ANSL_53813,0,2
ANSL_63422,0,1
ANSL_51465,0,2
ANSL_70998,1,2
ANSL_63271,1,1
ANSL_50188,1,2
ANSL_72807,0,2
ANSL_64716,0,1
ANSL_61962,1,1
ANSL_51132,1,2
ANSL_64129,1,1
ANSL_52487,0,1
ANSL_54476,0,2
ANSL_74364,0,2
ANSL_54912,0,1
ANSL_53093,0,1
ANSL_51492,2,4
ANSL_74810,0,2
ANSL_64324,0,2
ANSL_68178,0,1
ANSL_76399,1,2
ANSL_50410,1,1
ANSL_69508,0,2
ANSL_56881,0,1
ANSL_53857,0,2
ANSL_57939,1,1
ANSL_68037,1,2
ANSL_74303,1,2
ANSL_61097,1,1
ANSL_56965,1,1
ANSL_63120,0,1
ANSL_57922,0,2
ANSL_54097,0,2
ANSL_51231,0,1
ANSL_72988,1,2
ANSL_53246,1,2
ANSL_70024,0,1
ANSL_54903,0,1
ANSL_68504,1,2
ANSL_63341,1,2
ANSL_70708,1,2
ANSL_65560,0,2
ANSL_52988,0,1
ANSL_71126,1,2
ANSL_74510,0,2
ANSL_70193,1,2
ANSL_55254,1,1
ANSL_56891,0,2
ANSL_62602,0,2
ANSL_62929,0,2
ANSL_71405,1,2
ANSL_74288,0,1
ANSL_56814,0,2
ANSL_68278,1,1
ANSL_69731,1,2
ANSL_65795,0,2
ANSL_68219,0,1
ANSL_70527,0,2
ANSL_65974,2,2
ANSL_59968,0,2
ANSL_53822,1,1
ANSL_52993,0,2
ANSL_55965,1,1
ANSL_70233,0,2
ANSL_75486,1,2
ANSL_69017,0,1
ANSL_57723,0,2
ANSL_64910,1,2
ANSL_65924,0,1
ANSL_61148,0,1
ANSL_57610,0,1
ANSL_67809,1,2
ANSL_57664,1,2
ANSL_75921,0,2
ANSL_58068,1,2
ANSL_51170,0,2
ANSL_75062,1,2
ANSL_50598,0,2
ANSL_75993,0,2
ANSL_63292,1,2
ANSL_71500,2,4
ANSL_75181,0,2
ANSL_58970,0,2
ANSL_63308,1,2
ANSL_75274,0,2
ANSL_58208,0,2
ANSL_56982,2,4
ANSL_57562,2,4
ANSL_53006,0,2
ANSL_50717,0,2
ANSL_50172,0,1
ANSL_58649,1,1
ANSL_52086,2,4
ANSL_76438,1,2
ANSL_69842,1,2
ANSL_59450,1,2
ANSL_56002,1,1
ANSL_50888,0,1
ANSL_58816,0,2
ANSL_75051,1,1
ANSL_76630,1,2
ANSL_64244,0,2
ANSL_56205,1,2
ANSL_55397,0,2
ANSL_67685,1,1
ANSL_65010,0,1
ANSL_60959,1,1
ANSL_68984,1,1
ANSL_59645,1,2
ANSL_50017,0,2
ANSL_57821,2,4
ANSL_66273,1,2
ANSL_69469,2,1
ANSL_59605,0,2
ANSL_60500,0,2
ANSL_66376,0,2
ANSL_73821,0,2
ANSL_53486,1,2
ANSL_72419,0,2
ANSL_55442,0,1
ANSL_71432,1,1
ANSL_55472,0,1
ANSL_75102,1,2
ANSL_70675,0,1
ANSL_67462,0,1
ANSL_64700,1,2
ANSL_74658,1,2
ANSL_51810,1,1
ANSL_74697,0,2
ANSL_75111,1,2
ANSL_59718,1,2
ANSL_76725,0,2
ANSL_63754,0,2
ANSL_61679,0,2
ANSL_53628,1,2
ANSL_50264,2,4
ANSL_69888,0,2
ANSL_58167,1,1
ANSL_67794,0,1
ANSL_66041,0,1
ANSL_73212,2,1
ANSL_75963,0,2
ANSL_55255,0,1
ANSL_68374,0,1
ANSL_54327,1,2
ANSL_51683,2,4
ANSL_53959,2,1
ANSL_50430,0,1
ANSL_76242,1,2
ANSL_54234,0,2
ANSL_54983,1,2
ANSL_71910,0,2
ANSL_66703,0,2
ANSL_62279,0,1
ANSL_57175,1,1
ANSL_72852,0,2
ANSL_50449,1,2
ANSL_62222,0,2
ANSL_67299,0,2
ANSL_66487,1,2
ANSL_56148,0,1
ANSL_52953,0,2
ANSL_62261,1,2
ANSL_57381,0,2
ANSL_58609,0,2
ANSL_64392,0,1
ANSL_67940,1,1
ANSL_58037,0,2
ANSL_63261,0,2
ANSL_54462,0,1
ANSL_73709,0,2
ANSL_53416,1,2
ANSL_68412,1,2
ANSL_67582,0,2
ANSL_63704,0,2
ANSL_58278,0,2
ANSL_69432,1,2
ANSL_62492,0,2
ANSL_51011,0,2
ANSL_71806,1,2
ANSL_60652,0,2
ANSL_50533,0,2
ANSL_66819,0,2
ANSL_68775,0,1
ANSL_65515,0,2
ANSL_50982,0,2
ANSL_54351,0,1
ANSL_58807,1,2
ANSL_62196,0,2
ANSL_53966,0,2
ANSL_51056,2,1
ANSL_59214,0,1
ANSL_57850,0,2
ANSL_71229,0,2
ANSL_70011,0,2
ANSL_74377,0,2
ANSL_73495,0,2
ANSL_60199,0,1
ANSL_65170,2,4
ANSL_63644,2,4
ANSL_68322,1,2
ANSL_71840,0,2
ANSL_74183,1,2
ANSL_60704,0,2
ANSL_50722,0,1
ANSL_76076,0,2
ANSL_74064,1,2
ANSL_63945,0,2
ANSL_68990,2,1
ANSL_57046,1,2
ANSL_62200,1,2
ANSL_74151,0,2
ANSL_65308,0,2
ANSL_51214,0,2
ANSL_50641,0,2
ANSL_75635,1,2
ANSL_67354,1,1
ANSL_55470,1,1
ANSL_58081,1,2
ANSL_76833,0,2
ANSL_67393,1,1
ANSL_67837,0,2
ANSL_69346,1,2
ANSL_53282,0,1
ANSL_71727,1,2
ANSL_52215,0,2
ANSL_74644,0,1
ANSL_65816,0,2
ANSL_58848,1,2
ANSL_75799,1,1
ANSL_55726,2,1
ANSL_75305,0,2
ANSL_66309,0,2
ANSL_73269,1,2
ANSL_75208,0,2
ANSL_53019,0,2
ANSL_74274,1,1
ANSL_50638,1,2
ANSL_72387,1,2
ANSL_61366,0,1
ANSL_60403,0,2
ANSL_71045,1,2
ANSL_68724,1,1
ANSL_61224,1,2
ANSL_50235,1,1
ANSL_64438,0,2
ANSL_72429,0,2
ANSL_53556,1,1
ANSL_64437,1,1
ANSL_68363,0,2
ANSL_60708,0,2
ANSL_55153,0,2
ANSL_55249,1,2
ANSL_59226,2,4
ANSL_59936,0,2
ANSL_60364,0,2
ANSL_70502,2,4
ANSL_50015,0,2
ANSL_53683,0,1
ANSL_70626,1,2
ANSL_58796,1,2
ANSL_61467,1,1
ANSL_56103,0,1
ANSL_57857,0,1
ANSL_50164,0,0
ANSL_72504,2,1
ANSL_53643,0,2
ANSL_54836,1,1
ANSL_52289,0,2
ANSL_58703,0,1
ANSL_51013,1,2
ANSL_58445,0,2
ANSL_56044,0,2
ANSL_67485,0,2
ANSL_64883,0,2
ANSL_54449,0,2
ANSL_64275,0,2
ANSL_63324,0,1
ANSL_53943,0,1
ANSL_69867,2,4
ANSL_52995,0,1
ANSL_73422,0,2
ANSL_51539,0,2
ANSL_61351,0,2
ANSL_62028,1,1
ANSL_68977,0,2
ANSL_65340,0,2
ANSL_61548,0,2
ANSL_53638,0,2
ANSL_62842,0,1
ANSL_67327,1,2
ANSL_54451,0,1
ANSL_61176,1,1
ANSL_75958,0,1
ANSL_66433,1,2
ANSL_74178,0,2
ANSL_59903,1,1
ANSL_65389,1,2
ANSL_76247,0,2
ANSL_53655,2,1
ANSL_55172,0,1
ANSL_76027,1,1
ANSL_59297,1,2
ANSL_72870,2,1
ANSL_52192,0,1
ANSL_60155,1,1
ANSL_65928,0,2
ANSL_54335,1,2
ANSL_65603,1,2
ANSL_50194,0,1
ANSL_60510,0,2
ANSL_60668,1,2
ANSL_60312,2,1
ANSL_50460,1,1
ANSL_63562,0,1
ANSL_60066,1,2
ANSL_54684,2,4
ANSL_53438,0,1
ANSL_67385,1,2
ANSL_56794,0,2
ANSL_65991,0,1
ANSL_74467,1,2
ANSL_62571,1,1
ANSL_51249,1,1
ANSL_59132,0,2
ANSL_58346,0,1
ANSL_68312,0,2
ANSL_58332,1,1
ANSL_69554,0,2
ANSL_62189,0,2
ANSL_66323,0,2
ANSL_63416,0,2
ANSL_68922,1,2
ANSL_56545,0,1
ANSL_61729,0,1
ANSL_53446,0,1
ANSL_50101,0,2
ANSL_56494,1,2
ANSL_55405,0,1
ANSL_58834,0,2
ANSL_54667,0,1
ANSL_54552,1,2
ANSL_64492,1,2
ANSL_69128,0,1
ANSL_74028,1,2
ANSL_56272,0,2
ANSL_57109,1,2
ANSL_54829,0,1
ANSL_50113,2,4
ANSL_67406,0,2
ANSL_50787,0,2
ANSL_65640,0,2
ANSL_56112,1,2
ANSL_63399,0,1
ANSL_51256,0,2
ANSL_63507,0,2
ANSL_55783,1,2
ANSL_61285,1,2
ANSL_59532,1,2
ANSL_58407,1,2
ANSL_55831,1,2
ANSL_59799,0,2
ANSL_61008,1,1
ANSL_71446,1,2
ANSL_57288,0,2
ANSL_71637,0,1
ANSL_71393,0,1
ANSL_65251,1,2
ANSL_75818,1,2
ANSL_59863,0,2
ANSL_64271,0,2
ANSL_67282,0,2
ANSL_67105,2,1
ANSL_71657,1,2
ANSL_72017,0,2
ANSL_74416,1,2
ANSL_53508,0,2
ANSL_53640,1,1
ANSL_51894,1,2
ANSL_68808,0,2
ANSL_74168,0,2
ANSL_55471,0,2
ANSL_52313,1,1
ANSL_72005,0,1
ANSL_53422,0,1
ANSL_74204,0,2
ANSL_69317,1,2
ANSL_55725,0,2
ANSL_76261,0,2
ANSL_54652,0,1
ANSL_74944,0,1
ANSL_76670,1,2
ANSL_73782,1,2
ANSL_64344,0,2
ANSL_69482,0,2
ANSL_72894,1,1
ANSL_61803,1,1
ANSL_71465,0,1
ANSL_54538,0,2
ANSL_66420,0,2
ANSL_67113,0,1
ANSL_74975,0,2
ANSL_69170,1,2
ANSL_55485,0,2
ANSL_60921,0,2
ANSL_54312,1,1
ANSL_75737,0,2
ANSL_61065,2,4
ANSL_62894,2,1
ANSL_75185,0,1
ANSL_60218,0,2
ANSL_61442,0,2
ANSL_65982,1,1
ANSL_72748,2,4
ANSL_50011,0,2
ANSL_71318,0,1
ANSL_68158,1,2
ANSL_68096,0,2
ANSL_50790,1,2
ANSL_69136,0,2
ANSL_68243,0,1
ANSL_59610,0,2
ANSL_66985,0,2
ANSL_65929,1,2
ANSL_72146,0,2
ANSL_65450,0,1
ANSL_58790,1,2
ANSL_60564,1,2
ANSL_75392,0,2
ANSL_71381,0,1
ANSL_55533,1,2
ANSL_56341,2,1
ANSL_68457,0,2
ANSL_72680,1,1
ANSL_63449,0,2
ANSL_69005,1,1
ANSL_62394,0,2
ANSL_60427,1,2
ANSL_64484,1,2
ANSL_58368,0,2
ANSL_63884,0,1
ANSL_58261,1,1
ANSL_67941,0,1
ANSL_59258,0,2
ANSL_70264,0,2
ANSL_75345,1,1
ANSL_62111,1,1
ANSL_60737,0,2
ANSL_69546,1,1
ANSL_61846,0,1
ANSL_50900,0,2
ANSL_71924,1,2
ANSL_69152,0,2
ANSL_50751,0,2
ANSL_61031,1,2
ANSL_53062,1,1
ANSL_66039,2,1
ANSL_74018,1,1
ANSL_54742,1,2
ANSL_72156,1,2
ANSL_53810,0,2
ANSL_58793,0,2
ANSL_51705,1,1
ANSL_59633,0,2
ANSL_61275,1,2
ANSL_54681,0,2
ANSL_73290,1,1
ANSL_60623,0,1
ANSL_71142,0,2
ANSL_74362,1,2
ANSL_67764,1,1
ANSL_66052,0,2
ANSL_56714,2,1
ANSL_53823,1,2
ANSL_57107,0,1
ANSL_73917,1,1
ANSL_63553,2,1
ANSL_52573,1,2
ANSL_76683,0,1
ANSL_72613,0,2
ANSL_50746,0,2
ANSL_68980,0,1
ANSL_51846,0,1
ANSL_50170,0,2
ANSL_66934,0,2
ANSL_51337,1,2
ANSL_62863,0,2
ANSL_51967,1,2
ANSL_76356,1,2
ANSL_64194,2,4
ANSL_54608,0,2
ANSL_69118,1,1
ANSL_54497,0,2
ANSL_62428,0,2
ANSL_72751,0,2
ANSL_70413,1,1
ANSL_73160,0,1
ANSL_51824,0,2
ANSL_69035,0,2
ANSL_55163,0,2
ANSL_69992,0,2
ANSL_67238,1,2
ANSL_63794,1,1
ANSL_57777,1,2
ANSL_68628,0,2
ANSL_69106,0,2
ANSL_61526,1,1
ANSL_50402,0,2
ANSL_73979,0,2
ANSL_71496,1,2
ANSL_54418,1,2
ANSL_64894,1,2
ANSL_57862,2,4
ANSL_65298,1,2
ANSL_61990,0,1
ANSL_72946,0,1
ANSL_65517,1,2
ANSL_62197,1,1
ANSL_59007,1,2
ANSL_52050,0,1
ANSL_75928,1,1
ANSL_68074,0,1
ANSL_71503,2,1
ANSL_50988,0,1
ANSL_73171,0,2
ANSL_67867,2,4
ANSL_57864,0,2
ANSL_67197,0,1
ANSL_54815,0,2
ANSL_73070,1,2
ANSL_56997,0,2
ANSL_68342,1,2
ANSL_69931,0,2
ANSL_51676,0,2
ANSL_61080,0,2
ANSL_73464,2,1
ANSL_67543,0,2
ANSL_65851,1,2
ANSL_57510,0,2
ANSL_67353,1,2
ANSL_75069,1,1
ANSL_64644,0,1
ANSL_53183,0,1
ANSL_75099,1,1
ANSL_71250,0,2
ANSL_61375,0,2
ANSL_66069,1,2
ANSL_75465,0,1
ANSL_57848,1,2
ANSL_53339,1,2
ANSL_56206,0,1
ANSL_55648,0,2
ANSL_55110,0,2
ANSL_66649,2,4
ANSL_75658,0,2
ANSL_71942,1,2
ANSL_74087,0,2
ANSL_71255,1,1
ANSL_50814,1,2
ANSL_58130,1,2
ANSL_53639,0,2
ANSL_59765,1,2
ANSL_69748,0,1
ANSL_52430,1,1
ANSL_70523,0,1
ANSL_54382,0,2
ANSL_52882,0,1
ANSL_58438,1,1
ANSL_59516,1,2
ANSL_69678,0,2
ANSL_57030,1,2
ANSL_55617,0,2
ANSL_71938,1,2
ANSL_52219,0,2
ANSL_71199,0,2
ANSL_69563,0,2
ANSL_60506,0,1
ANSL_70380,0,2
ANSL_69326,0,2
ANSL_70939,1,1
ANSL_57010,0,1
ANSL_52969,1,2
ANSL_71622,1,2
ANSL_67643,1,2
ANSL_62218,1,2
ANSL_75925,0,2
ANSL_66287,1,2
ANSL_55610,1,1
ANSL_71865,1,2
ANSL_75544,0,1
ANSL_63486,1,1
ANSL_55724,1,1
ANSL_74855,2,4
ANSL_53879,0,2
ANSL_52060,1,1
ANSL_69576,0,2
ANSL_54622,0,2
ANSL_67631,2,4
ANSL_75198,1,2
ANSL_57636,1,1
ANSL_63335,0,1
ANSL_50606,1,2
ANSL_69058,1,2
ANSL_72926,1,2
ANSL_64261,1,2
ANSL_59008,0,2
ANSL_64388,0,2
ANSL_76177,1,1
ANSL_56646,0,1
ANSL_75794,0,2
ANSL_68423,1,2
ANSL_56497,1,2
ANSL_75786,0,1
ANSL_72345,1,1
ANSL_61854,1,2
ANSL_75297,0,1
ANSL_60307,1,1
ANSL_64751,0,2
ANSL_75280,1,2
ANSL_61841,1,1
ANSL_63080,0,2
ANSL_66919,2,4
ANSL_65055,1,2
ANSL_51347,1,2
ANSL_74289,1,2
ANSL_74180,1,1
ANSL_50646,0,1
ANSL_65648,1,2
ANSL_69219,1,2
ANSL_63064,0,1
ANSL_53248,1,2
ANSL_59434,0,1
ANSL_65958,1,2
ANSL_75357,0,2
ANSL_71872,0,1
ANSL_55605,0,2
ANSL_50526,1,1
ANSL_71223,1,2
ANSL_59033,0,1
ANSL_61904,0,2
ANSL_59939,1,1
ANSL_68915,0,2
ANSL_58191,2,4
ANSL_62794,2,4
ANSL_68559,2,1
ANSL_60363,0,2
ANSL_58432,0,2
ANSL_51957,0,2
ANSL_53865,0,1
ANSL_66489,1,2
ANSL_67662,1,2
ANSL_66744,1,2
ANSL_75641,1,1
ANSL_51593,0,1
ANSL_60976,1,1
ANSL_59397,1,2
ANSL_64667,1,1
ANSL_76827,1,2
ANSL_70400,0,2
ANSL_71302,1,2
ANSL_65814,0,1
ANSL_71206,1,2
ANSL_73109,0,2
ANSL_56384,2,4
ANSL_56276,0,2
ANSL_66483,0,2
ANSL_74443,0,2
ANSL_75513,0,1
ANSL_49986,1,2
ANSL_66426,1,1
ANSL_66367,0,2
ANSL_76044,0,1
ANSL_75610,0,2
ANSL_62503,1,2
ANSL_76100,1,2
ANSL_53435,1,2
ANSL_73668,1,1
ANSL_70629,2,1
ANSL_60928,1,2
ANSL_51348,1,2
ANSL_61535,0,1
ANSL_56159,1,2
ANSL_71699,0,2
ANSL_66364,0,1
ANSL_65936,0,1
ANSL_50391,0,2
ANSL_67438,0,1
ANSL_56955,1,2
ANSL_57959,0,1
ANSL_69697,2,1
ANSL_75157,1,2
ANSL_58982,2,4
ANSL_65028,0,2
ANSL_74724,1,2
ANSL_76180,0,2
ANSL_56979,0,1
ANSL_73491,0,2
ANSL_60852,0,2
ANSL_52309,1,2
ANSL_55122,0,2
ANSL_54456,0,1
ANSL_65027,1,1
ANSL_70292,0,2
ANSL_62751,1,1
ANSL_76477,0,2
ANSL_59975,1,1
ANSL_55871,0,2
ANSL_57923,0,1
ANSL_62304,1,1
ANSL_59419,0,1
ANSL_76445,1,2
ANSL_49991,0,2
ANSL_75849,1,1
ANSL_50567,1,1
ANSL_56924,0,2
ANSL_50873,1,2
ANSL_53443,0,2
ANSL_63168,0,1
ANSL_57943,1,1
ANSL_68970,0,1
ANSL_53479,0,1
ANSL_53053,0,2
ANSL_60058,0,2
ANSL_66960,0,2
ANSL_57062,1,2
ANSL_71582,1,1
ANSL_73959,0,1
ANSL_67678,0,2
ANSL_52146,0,2
ANSL_55524,0,1
ANSL_72036,1,2
ANSL_76401,0,2
ANSL_69853,1,1
ANSL_57826,0,2
ANSL_50137,0,2
ANSL_56598,0,1
ANSL_75131,1,2
ANSL_67414,1,2
ANSL_68264,0,2
ANSL_64756,1,2
ANSL_68858,0,2
ANSL_63000,0,1
ANSL_50080,1,1
ANSL_64134,0,2
ANSL_56321,1,2
ANSL_61685,0,1
ANSL_63054,0,2
ANSL_64851,0,2
ANSL_74960,0,1
ANSL_67737,1,2
ANSL_52926,0,2
ANSL_55761,1,2
ANSL_50943,0,2
ANSL_71695,2,1
ANSL_58506,1,2
ANSL_51036,0,2
ANSL_74707,1,2
ANSL_65484,0,2
ANSL_55025,0,2
ANSL_51882,1,2
ANSL_55198,0,2
ANSL_56666,0,2
ANSL_50930,0,2
ANSL_72805,0,2
ANSL_58462,0,1
ANSL_74700,1,1
ANSL_63641,2,4
ANSL_51055,2,1
ANSL_59432,0,1
ANSL_71413,0,2
ANSL_59585,2,1
ANSL_73016,0,2
ANSL_70837,0,2
ANSL_55216,0,2
ANSL_63264,1,2
ANSL_68082,0,1
ANSL_51841,0,1
ANSL_50499,1,1
ANSL_56397,1,1
ANSL_75608,0,2
ANSL_74603,1,1
ANSL_71505,0,2
ANSL_72510,1,1
ANSL_66019,1,1
ANSL_52752,1,2
ANSL_56561,0,2
ANSL_60311,1,1
ANSL_61502,2,4
ANSL_71856,0,1
ANSL_68733,0,2
ANSL_66554,1,2
ANSL_76132,1,2
ANSL_60653,0,2
ANSL_56569,1,1
ANSL_60567,1,1
ANSL_65014,0,2
ANSL_64263,1,2
ANSL_73872,0,2
ANSL_72630,0,2
ANSL_57015,0,2
ANSL_53202,1,1
ANSL_75250,0,2
ANSL_75360,1,2
ANSL_52734,1,1
ANSL_55004,0,1
ANSL_71066,1,2
ANSL_76051,1,2
ANSL_55120,0,1
ANSL_69643,0,1
ANSL_76185,0,2
ANSL_57679,0,2
ANSL_71515,1,1
ANSL_72068,0,1
ANSL_72557,0,2
ANSL_68269,0,1
ANSL_68872,0,1
ANSL_58359,1,1
ANSL_56608,1,2
ANSL_66793,1,2
ANSL_55130,0,1
ANSL_54991,0,2
ANSL_64535,1,2
ANSL_58147,0,1
ANSL_54077,0,2
ANSL_75954,0,1
ANSL_52839,1,2
ANSL_62504,2,4
ANSL_65736,1,2
ANSL_67622,0,1
ANSL_69204,0,1
ANSL_59907,1,2
ANSL_61961,1,1
ANSL_73221,1,1
ANSL_55499,1,2
ANSL_67951,0,2
ANSL_62485,1,2
ANSL_66408,0,1
ANSL_60177,0,2
ANSL_67445,0,1
ANSL_59634,0,2
ANSL_54156,1,1
ANSL_66860,0,2
ANSL_59240,0,1
ANSL_70830,1,2
ANSL_67217,1,1
ANSL_53337,1,2
ANSL_55680,0,1
ANSL_71745,0,1
ANSL_75720,0,2
ANSL_64374,0,1
ANSL_75276,0,2
ANSL_51218,0,1
ANSL_72678,2,1
ANSL_68186,0,1
ANSL_74892,0,1
ANSL_51934,1,1
ANSL_61377,1,2
ANSL_57997,0,2
ANSL_62363,0,2
ANSL_59209,1,2
ANSL_50418,0,2
ANSL_57727,2,4
ANSL_55657,0,2
ANSL_65280,1,2
ANSL_72657,0,2
ANSL_56834,1,2
ANSL_72957,0,2
ANSL_73162,0,1
ANSL_62212,1,2
ANSL_56008,0,1
ANSL_63005,0,2
ANSL_63151,0,2
ANSL_68710,0,1
ANSL_53341,0,1
ANSL_68809,0,2
ANSL_57475,0,2
ANSL_55123,1,2
ANSL_53583,0,2
ANSL_76495,0,2
ANSL_67051,2,1
ANSL_64303,1,1
ANSL_72109,0,2
ANSL_68939,1,1
ANSL_74785,1,1
ANSL_60358,0,2
ANSL_52938,0,2
ANSL_51201,0,1
ANSL_66008,1,1
ANSL_74688,1,2
ANSL_58589,0,2
ANSL_59846,1,2
ANSL_51642,0,2
ANSL_55608,0,1
ANSL_57245,0,1
ANSL_57790,1,2
ANSL_50778,0,2
ANSL_66472,1,1
ANSL_74101,1,2
ANSL_56967,2,4
ANSL_54628,0,2
ANSL_62736,0,2
ANSL_68028,2,4
ANSL_61629,1,1
ANSL_55801,0,1
ANSL_62775,0,2
ANSL_58742,0,2
ANSL_70078,0,1
ANSL_66233,0,1
ANSL_55488,1,2
ANSL_76871,0,2
ANSL_65446,1,2
ANSL_75030,0,2
ANSL_51053,1,2
ANSL_58052,0,2
ANSL_70309,0,2
ANSL_62505,1,1
ANSL_52076,1,1
ANSL_50821,0,1
ANSL_71917,1,2
ANSL_72052,0,2
ANSL_71494,1,2
ANSL_59730,0,2
ANSL_58487,1,1
ANSL_58897,1,1
ANSL_68726,2,4
ANSL_71634,0,2
ANSL_63615,0,1
ANSL_64965,0,1
ANSL_66662,1,2
ANSL_60899,0,1
ANSL_58908,0,2
ANSL_50205,2,4
ANSL_68712,1,1
ANSL_57160,1,2
ANSL_51948,0,2
ANSL_53817,2,2
ANSL_52261,1,2
ANSL_74505,2,4
ANSL_56142,0,1
ANSL_62357,0,1
ANSL_76715,1,2
ANSL_70571,0,1
ANSL_51793,0,2
ANSL_63355,1,1
ANSL_60750,1,1
ANSL_60048,1,1
ANSL_60831,0,1
ANSL_67854,0,2
ANSL_69763,1,1
ANSL_71506,0,2
ANSL_52647,0,1
ANSL_54489,0,2
ANSL_58962,0,2
ANSL_64921,1,1
ANSL_51513,0,2
ANSL_70678,0,2
ANSL_73146,1,2
ANSL_69722,0,2
ANSL_58627,0,2
ANSL_67338,2,1
ANSL_58006,1,1
ANSL_70487,1,1
ANSL_75540,1,1
ANSL_71533,0,1
ANSL_73362,1,2
ANSL_56066,1,2
ANSL_61787,1,2
ANSL_62027,0,1
ANSL_75661,0,1
ANSL_64214,0,1
ANSL_54730,2,1
ANSL_69447,0,1
ANSL_76311,1,2
ANSL_70857,0,2
ANSL_74949,1,1
ANSL_53005,0,1
ANSL_73526,1,2
ANSL_73544,0,2
ANSL_76151,2,4
ANSL_54142,1,1
ANSL_61419,0,2
ANSL_54356,0,2
ANSL_56156,0,1
ANSL_72368,2,1
ANSL_70723,1,1
ANSL_76068,0,2
ANSL_63807,0,2
ANSL_59768,0,2
ANSL_59878,2,4
ANSL_62855,1,2
ANSL_68722,1,2
ANSL_59651,0,2
ANSL_69395,1,1
ANSL_71762,0,1
ANSL_65839,0,2
ANSL_70298,1,2
ANSL_65988,0,2
ANSL_58574,1,2
ANSL_75443,1,1
ANSL_73739,0,2
ANSL_54515,0,2
ANSL_66009,0,2
ANSL_70608,0,2
ANSL_56255,1,2
ANSL_70760,0,2
ANSL_75279,0,2
ANSL_61372,0,2
ANSL_75865,1,2
ANSL_73820,0,1
ANSL_50509,0,2
ANSL_58064,0,1
ANSL_65037,1,1
ANSL_52596,2,4
ANSL_69428,2,4
ANSL_52633,0,2
ANSL_74340,1,2
ANSL_53635,0,2
ANSL_70385,0,2
ANSL_74628,2,1
ANSL_52922,0,2
ANSL_76786,0,2
ANSL_65506,2,1
ANSL_51233,0,1
ANSL_57784,0,1
ANSL_64107,1,1
ANSL_63440,0,2
ANSL_64664,1,2
ANSL_52102,1,2
ANSL_61663,0,2
ANSL_68067,1,2
ANSL_61252,1,1
ANSL_58551,0,2
ANSL_52466,1,2
ANSL_54978,2,1
ANSL_55199,1,1
ANSL_64655,1,2
ANSL_61886,1,1
ANSL_66875,1,2
ANSL_62490,1,2
ANSL_57017,1,1
ANSL_54565,2,1
ANSL_65337,0,1
ANSL_69127,0,2
ANSL_57395,0,1
ANSL_67434,0,2
ANSL_70006,0,2
ANSL_69043,1,1
ANSL_55462,0,2
ANSL_60758,1,1
ANSL_63814,1,1
ANSL_74367,0,1
ANSL_53652,0,1
ANSL_66054,1,2
ANSL_65111,1,2
ANSL_65702,2,1
ANSL_70018,1,1
ANSL_56364,2,1
ANSL_67522,0,2
ANSL_53929,2,1
ANSL_65776,1,2
ANSL_51117,0,2
ANSL_59136,1,2
ANSL_54322,0,1
ANSL_71093,0,1
ANSL_62221,1,1
ANSL_55490,0,1
ANSL_75885,0,2
ANSL_69402,0,1
ANSL_53142,1,2
ANSL_51825,0,1
ANSL_74415,1,2
ANSL_54123,0,1
ANSL_65505,0,1
ANSL_71711,1,2
ANSL_68135,0,2
ANSL_60345,0,1
ANSL_54944,0,2
ANSL_69380,1,1
ANSL_67611,0,1
ANSL_70488,1,1
ANSL_62284,0,1
ANSL_62593,1,2
ANSL_64242,0,2
ANSL_52316,1,2
ANSL_57001,0,2
ANSL_70486,1,2
ANSL_53722,0,2
ANSL_52872,2,4
ANSL_64147,1,2
ANSL_71418,0,2
ANSL_68307,0,2
ANSL_65316,0,1
ANSL_64337,0,2
ANSL_68426,1,2
ANSL_55882,0,2
ANSL_54534,0,1
ANSL_71360,2,1
ANSL_54073,0,1
ANSL_73368,1,2
ANSL_61734,2,4
ANSL_52341,0,2
ANSL_68691,1,2
ANSL_69388,1,2
ANSL_59162,1,2
ANSL_71864,0,2
ANSL_67063,1,2
ANSL_58906,0,1
ANSL_63495,0,2
ANSL_50570,0,2
ANSL_69596,0,2
ANSL_64278,1,2
ANSL_63617,0,2
ANSL_51342,1,2
ANSL_53606,0,2
ANSL_68690,0,1
ANSL_55905,2,4
ANSL_56968,1,2
ANSL_67934,1,1
ANSL_55885,0,1
ANSL_71290,0,2
ANSL_71595,0,2
ANSL_53679,0,2
ANSL_74045,0,2
ANSL_64181,0,1
ANSL_66218,0,2
ANSL_51755,0,2
ANSL_65062,0,2
ANSL_50319,1,2
ANSL_74856,0,1
ANSL_69355,2,4
ANSL_56440,0,2
ANSL_73246,0,1
ANSL_53345,0,2
ANSL_58048,0,1
ANSL_50390,0,1
ANSL_53525,0,1
ANSL_61959,0,2
ANSL_52858,0,2
ANSL_62137,2,4
ANSL_50427,0,2
ANSL_53433,0,1
ANSL_66411,0,2
ANSL_65418,0,1
ANSL_57453,0,1
ANSL_53225,0,1
ANSL_59189,0,1
ANSL_76140,0,2
ANSL_57039,0,2
ANSL_68569,0,1
ANSL_70522,1,2
ANSL_61859,1,1
ANSL_52877,2,4
ANSL_73742,0,2
ANSL_69831,0,2
ANSL_63258,1,1
ANSL_58708,0,1
ANSL_75461,0,2
ANSL_67726,0,2
ANSL_50133,0,2
ANSL_63975,0,2
ANSL_58971,1,1
ANSL_56171,0,1
ANSL_58217,0,2
ANSL_59311,1,2
ANSL_50354,0,2
ANSL_68823,1,2
ANSL_68781,0,1
ANSL_53145,2,1
ANSL_61910,1,2
ANSL_67549,1,1
ANSL_51718,0,2
ANSL_76070,0,2
ANSL_72904,0,2
ANSL_60483,1,1
ANSL_58664,1,1
ANSL_69597,0,2
ANSL_57705,1,1
ANSL_71159,0,2
ANSL_62521,0,1
ANSL_62282,0,1
ANSL_69164,0,2
ANSL_76203,1,2
ANSL_59511,1,1
ANSL_59796,2,1
ANSL_53999,0,2
ANSL_73649,0,2
ANSL_53361,0,2
ANSL_72556,1,2
ANSL_55529,0,1
ANSL_69993,2,4
ANSL_71632,1,2
ANSL_54487,1,1
ANSL_56577,0,2
ANSL_54173,0,2
ANSL_71412,0,1
ANSL_51572,0,2
ANSL_52832,0,2
ANSL_74243,0,2
ANSL_61318,0,1
ANSL_74421,2,4
ANSL_58779,1,2
ANSL_67237,1,2
ANSL_64019,0,2
ANSL_70037,1,1
ANSL_74432,0,2
ANSL_52978,1,2
ANSL_65657,0,2
ANSL_65983,0,1
ANSL_51746,0,1
ANSL_58468,1,2
ANSL_63568,1,1
ANSL_61834,1,2
ANSL_53490,1,1
ANSL_53657,0,2
ANSL_53656,0,2
ANSL_65214,0,2
ANSL_70921,1,1
ANSL_70275,0,2
ANSL_53034,0,1
ANSL_54478,0,2
ANSL_55835,1,2
ANSL_55698,0,2
ANSL_72841,0,2
ANSL_72933,0,2
ANSL_75739,1,2
ANSL_73634,0,2
ANSL_52025,0,1
ANSL_69179,1,2
ANSL_64170,0,1
ANSL_57032,0,1
ANSL_74102,0,2
ANSL_61320,1,2
ANSL_69766,0,2
ANSL_52071,1,1
ANSL_72677,0,2
ANSL_68517,1,1
ANSL_68458,1,2
ANSL_71799,1,1
ANSL_67000,0,2
ANSL_62520,0,2
ANSL_74534,0,2
ANSL_76292,0,2
ANSL_74472,0,1
ANSL_75310,0,2
ANSL_60753,0,2
ANSL_59337,1,1
ANSL_55415,0,2
ANSL_75315,1,2
ANSL_54380,0,1
ANSL_55936,0,2
ANSL_49995,0,2
ANSL_65651,1,1
ANSL_59382,1,1
ANSL_68606,0,2
ANSL_63189,0,2
ANSL_57048,1,2
ANSL_53360,0,2
ANSL_55864,0,2
ANSL_55419,0,2
ANSL_50452,2,1
ANSL_66505,0,2
ANSL_66258,0,1
ANSL_65772,1,2
ANSL_51943,0,2
ANSL_52875,0,2
ANSL_54753,1,1
ANSL_57212,1,2
ANSL_62673,2,1
ANSL_51830,0,2
ANSL_68883,0,2
ANSL_75605,1,2
ANSL_53290,0,2
ANSL_66954,1,2
ANSL_76325,1,1
ANSL_69019,0,2
ANSL_54981,2,1
ANSL_63278,2,1
ANSL_60419,0,2
ANSL_67975,0,1
ANSL_62767,0,2
ANSL_51543,0,2
ANSL_67863,0,2
ANSL_72596,0,1
ANSL_67383,2,4
ANSL_59099,0,2
ANSL_76005,0,1
ANSL_66135,0,1
ANSL_67226,0,1
ANSL_67693,1,2
ANSL_53878,1,2
ANSL_75350,1,1
ANSL_53458,2,1
ANSL_74117,0,2
ANSL_76126,1,2
ANSL_51908,0,2
ANSL_54671,0,2
ANSL_71470,0,2
ANSL_50018,0,2
ANSL_60442,1,2
ANSL_69215,1,2
ANSL_65048,0,2
ANSL_54890,1,2
ANSL_70923,0,2
ANSL_54423,1,1
ANSL_74592,0,2
ANSL_58751,0,2
ANSL_66459,1,2
ANSL_53554,0,1
ANSL_57497,1,2
ANSL_75593,1,1
ANSL_64355,0,2
ANSL_67099,1,2
ANSL_59243,2,4
ANSL_73590,0,1
ANSL_60396,1,2
ANSL_74829,1,2
ANSL_59929,0,2
ANSL_58142,0,2
ANSL_71455,0,2
ANSL_75770,0,2
ANSL_69809,0,2
ANSL_50029,2,4
ANSL_50914,0,2
ANSL_54021,0,1
ANSL_72382,1,1
ANSL_66375,1,2
ANSL_54764,1,1
ANSL_56385,1,1
ANSL_59816,0,2
ANSL_52602,1,1
ANSL_60994,0,2
ANSL_67869,1,2
ANSL_54364,0,2
ANSL_53032,1,2
ANSL_64452,0,2
ANSL_74076,0,1
ANSL_73078,0,2
ANSL_55211,1,2
ANSL_67871,0,1
ANSL_51100,1,2
ANSL_51546,0,1
ANSL_54640,1,1
ANSL_69828,0,1
ANSL_67981,0,2
ANSL_70823,0,2
ANSL_56446,1,2
ANSL_54830,1,2
ANSL_57129,0,2
ANSL_63382,1,2
ANSL_64662,0,2
ANSL_74907,0,1
ANSL_65668,1,2
ANSL_73424,0,2
ANSL_56090,0,1
ANSL_55615,0,1
ANSL_52994,1,2
ANSL_67263,0,2
ANSL_71473,0,2
ANSL_67054,1,2
ANSL_49982,0,2
ANSL_55946,1,2
ANSL_65962,1,1
ANSL_50181,1,2
ANSL_74202,0,1
ANSL_60547,0,2
ANSL_55277,1,2
ANSL_70973,1,1
ANSL_57329,0,2
ANSL_52055,0,2
ANSL_51325,2,1
ANSL_63602,1,1
ANSL_63580,1,2
ANSL_54989,1,1
ANSL_52526,1,1
ANSL_57051,0,1
ANSL_64802,1,1
ANSL_62801,2,1
ANSL_76220,0,1
ANSL_61497,0,2
ANSL_70360,1,2
ANSL_76381,1,2
ANSL_60344,0,1
ANSL_56960,0,1
ANSL_51573,0,2
ANSL_58672,0,1
ANSL_64548,2,1
ANSL_75686,1,2
ANSL_61153,1,1
ANSL_73332,0,1
ANSL_53982,0,2
ANSL_72587,0,2
ANSL_54299,0,2
ANSL_60924,0,2
ANSL_66701,2,4
ANSL_54691,0,1
ANSL_62573,2,4
ANSL_64153,1,2
ANSL_53171,0,1
ANSL_72631,2,1
ANSL_70553,0,0
ANSL_72530,0,2
ANSL_59680,1,2
ANSL_68603,0,2
ANSL_65147,0,2
ANSL_53560,0,1
ANSL_60216,1,2
ANSL_60005,0,1
ANSL_50305,0,1
ANSL_69180,2,1
ANSL_73731,0,1
ANSL_74501,1,1
ANSL_67252,1,2
ANSL_71787,1,2
ANSL_76176,1,1
ANSL_66742,0,1
ANSL_76652,1,2
ANSL_59725,1,1
ANSL_65583,1,2
ANSL_56473,0,2
ANSL_67729,1,2
ANSL_65017,0,1
ANSL_71202,2,1
ANSL_67021,2,4
ANSL_60424,0,2
ANSL_72509,0,2
ANSL_53951,1,2
ANSL_76791,1,2
ANSL_65475,0,2
ANSL_58328,0,2
ANSL_64039,2,1
ANSL_65718,0,1
ANSL_69646,2,4
ANSL_74948,1,2
ANSL_57317,1,2
ANSL_64455,1,2
ANSL_57698,1,1
ANSL_57404,0,2
ANSL_54539,1,2
ANSL_63407,0,1
ANSL_57494,1,1
ANSL_71486,0,1
ANSL_75179,0,1
ANSL_73469,2,1
ANSL_50987,1,2
ANSL_64151,0,1
ANSL_68821,1,1
ANSL_51635,2,4
ANSL_50756,0,2
ANSL_75523,0,2
ANSL_67494,0,1
ANSL_76456,0,2
ANSL_59409,1,1
ANSL_59124,1,1
ANSL_72876,0,2
ANSL_65856,1,2
ANSL_69301,0,2
ANSL_53831,0,2
ANSL_51584,1,2
ANSL_63908,1,2
ANSL_54959,0,2
ANSL_70706,0,1
ANSL_61953,1,2
ANSL_71645,0,2
ANSL_70394,0,2
ANSL_61290,0,2
ANSL_52557,0,1
ANSL_56028,0,2
ANSL_61066,0,2
ANSL_50569,0,2
ANSL_64541,1,2
ANSL_64144,0,2
ANSL_65700,0,1
ANSL_52124,0,2
ANSL_73384,0,2
ANSL_64964,1,2
ANSL_50124,1,1
ANSL_75888,0,1
ANSL_69117,0,2
ANSL_74133,1,2
ANSL_56317,1,1
ANSL_50602,1,1
ANSL_67206,1,2
ANSL_68361,0,1
ANSL_51086,1,1
ANSL_50742,0,2
ANSL_71004,0,2
ANSL_72732,0,2
ANSL_69062,0,2
ANSL_65855,1,2
ANSL_50169,0,1
ANSL_50002,0,2
ANSL_54429,0,2
ANSL_60125,0,1
ANSL_52398,0,2
ANSL_67868,0,2
ANSL_55054,0,1
ANSL_55816,1,2
ANSL_76875,1,2
ANSL_64777,0,1
ANSL_55844,0,2
ANSL_59566,1,2
ANSL_68185,0,2
ANSL_72963,0,2
ANSL_66014,1,2
ANSL_56249,0,1
ANSL_68881,0,2
ANSL_52378,0,1
ANSL_60301,0,1
ANSL_59155,0,2
ANSL_70940,1,1
ANSL_65935,1,2
ANSL_52903,1,2
ANSL_62697,2,1
ANSL_57393,2,1
ANSL_76768,1,2
ANSL_70792,1,2
ANSL_76226,0,2
ANSL_51395,1,2
ANSL_65580,0,1
ANSL_67153,0,1
ANSL_52338,0,2
ANSL_52719,1,2
ANSL_57989,0,2
ANSL_69297,0,2
ANSL_68905,0,2
ANSL_74998,2,2
ANSL_74549,1,2
ANSL_63509,2,1
ANSL_52567,1,2
ANSL_68558,0,2
ANSL_63722,0,2
ANSL_60979,0,2
ANSL_60843,1,2
ANSL_75643,0,2
ANSL_70141,0,2
ANSL_74641,0,2
ANSL_70026,0,1
ANSL_72367,0,1
ANSL_69178,1,2
ANSL_66283,0,2
ANSL_72328,1,2
ANSL_75572,0,2
ANSL_71125,0,1
ANSL_58077,1,1
ANSL_75507,1,2
ANSL_73795,0,2
ANSL_71356,0,1
ANSL_76760,1,1
ANSL_51071,0,1
ANSL_70344,0,2
ANSL_68132,2,4
ANSL_69310,1,1
ANSL_76086,0,2
ANSL_76127,0,2
ANSL_55506,1,1
ANSL_65396,0,2
ANSL_69919,0,2
ANSL_60892,1,2
ANSL_70109,1,2
ANSL_70649,0,1
ANSL_58366,0,2
ANSL_68173,2,4
ANSL_76112,1,2
ANSL_52682,2,1
ANSL_52974,0,1
ANSL_51779,0,2
ANSL_73864,0,1
ANSL_76427,0,2
ANSL_67249,1,2
ANSL_51877,0,2
ANSL_54866,2,4
ANSL_73500,0,1
ANSL_64130,1,2
ANSL_55106,0,2
ANSL_73151,1,2
ANSL_75594,0,1
ANSL_75596,0,2
ANSL_51686,0,1
ANSL_62449,1,2
ANSL_51278,0,2
ANSL_56988,0,2
ANSL_73429,0,2
ANSL_50817,1,1
ANSL_71625,0,1
ANSL_60907,0,2
ANSL_69412,0,1
ANSL_57369,1,1
ANSL_67442,0,2
ANSL_61391,2,4
ANSL_67047,0,1
ANSL_55571,0,2
ANSL_73395,1,1
ANSL_53633,0,1
ANSL_55326,2,1
ANSL_69868,0,1
ANSL_70411,1,1
ANSL_57302,1,2
ANSL_76333,1,2
ANSL_57159,0,2
ANSL_59012,0,1
ANSL_57998,1,2
ANSL_55112,1,2
ANSL_66551,0,1
ANSL_59661,1,2
ANSL_56139,1,2
ANSL_61503,0,2
ANSL_68578,0,2
ANSL_75128,1,2
ANSL_75646,0,2
ANSL_75161,1,2
ANSL_51697,0,2
ANSL_76283,0,2
ANSL_71674,0,2
ANSL_68038,0,2
ANSL_74137,1,2
ANSL_55349,1,1
ANSL_52464,1,1
ANSL_69986,0,2
ANSL_52001,0,2
ANSL_65819,0,2
ANSL_61194,2,1
ANSL_74970,1,1
ANSL_75470,1,2
ANSL_69880,1,1
ANSL_74112,2,4
ANSL_57239,1,2
ANSL_76108,1,1
ANSL_72948,0,2
ANSL_67272,0,2
ANSL_62851,0,1
ANSL_68041,0,1
ANSL_51496,0,1
ANSL_66138,0,2
ANSL_57036,0,2
ANSL_59789,1,2
ANSL_57089,0,2
ANSL_57055,0,2
ANSL_71945,2,1
ANSL_65757,1,2
ANSL_51753,0,1
ANSL_65098,1,2
ANSL_66564,2,1
ANSL_60095,1,1
ANSL_55824,0,2
ANSL_67637,1,2
ANSL_67119,0,2
ANSL_57359,0,1
ANSL_66187,0,2
ANSL_57489,1,2
ANSL_62845,0,2
ANSL_58786,0,2
ANSL_69765,1,2
ANSL_59303,0,2
ANSL_60589,1,2
ANSL_59149,1,2
ANSL_74262,0,2
ANSL_76659,0,2
ANSL_69561,0,2
ANSL_74007,1,2
ANSL_74115,0,1
ANSL_55822,1,2
ANSL_57878,0,2
ANSL_76793,2,4
ANSL_66529,1,2
ANSL_67040,1,2
ANSL_65008,0,1
ANSL_65746,0,1
ANSL_58220,0,2
ANSL_51082,0,2
ANSL_73667,0,2
ANSL_54408,0,2
ANSL_54603,0,1
ANSL_72403,1,2
ANSL_52103,1,2
ANSL_72322,0,2
ANSL_72320,0,2
ANSL_57735,0,1
ANSL_67615,1,2
ANSL_62324,1,2
ANSL_72765,0,2
ANSL_57608,1,2
ANSL_76640,1,2
ANSL_74455,0,2
ANSL_64114,1,2
ANSL_58581,0,1
ANSL_53666,0,2
ANSL_70378,1,2
ANSL_62638,0,2
ANSL_76470,0,2
ANSL_67061,0,2
ANSL_73737,1,2
ANSL_67463,0,1
ANSL_72003,1,2
ANSL_70076,0,1
ANSL_60729,0,1
ANSL_66729,0,2
ANSL_53716,2,1
ANSL_54165,1,2
ANSL_57050,1,1
ANSL_55359,1,2
ANSL_76188,0,1
ANSL_70731,1,2
ANSL_50453,0,2
ANSL_60487,0,1
ANSL_73219,2,1
ANSL_54347,0,2
ANSL_64036,0,2
ANSL_62249,0,2
ANSL_54988,0,1
ANSL_66133,1,2
ANSL_65463,0,2
ANSL_62762,1,2
ANSL_55989,0,2
ANSL_61784,1,2
ANSL_56628,0,1
ANSL_68815,0,2
ANSL_56122,2,1
ANSL_52763,1,1
ANSL_62453,1,2
ANSL_65712,2,4
ANSL_67488,1,2
ANSL_64488,0,1
ANSL_69969,0,2
ANSL_66142,0,2
ANSL_68986,2,4
ANSL_58196,0,2
ANSL_50232,1,1
ANSL_74425,0,2
ANSL_69949,0,2
ANSL_71005,0,2
ANSL_61131,0,2
ANSL_70617,0,2
ANSL_67590,1,2
ANSL_57694,0,1
ANSL_54769,1,2
ANSL_61583,1,2
ANSL_54024,1,1
ANSL_54513,0,2
ANSL_75630,2,4
ANSL_59721,2,4
ANSL_71660,1,1
ANSL_65582,0,1
ANSL_50161,1,2
ANSL_54837,2,1
ANSL_65122,0,1
ANSL_53255,1,1
ANSL_63726,2,4
ANSL_60233,1,1
ANSL_64196,1,2
ANSL_52690,0,1
ANSL_53672,0,2
ANSL_75355,0,1
ANSL_60414,2,4
ANSL_49979,0,2
ANSL_71352,0,1
ANSL_74675,0,2
ANSL_73699,2,4
ANSL_66093,1,2
ANSL_62823,1,2
ANSL_71409,1,1
ANSL_62711,2,4
ANSL_59342,1,1
ANSL_68863,1,2
ANSL_55012,1,2
ANSL_59910,0,2
ANSL_74572,0,1
ANSL_72351,0,2
ANSL_74268,0,2
ANSL_58563,0,2
ANSL_60620,1,2
ANSL_66302,1,2
ANSL_74086,1,1
ANSL_69427,1,2
ANSL_70151,0,2
ANSL_56291,0,2
ANSL_64707,2,1
ANSL_69552,0,2
ANSL_62489,0,2
ANSL_54059,1,2
ANSL_67591,0,2
ANSL_57639,2,1
ANSL_76191,0,2
ANSL_63593,0,2
ANSL_69537,0,1
ANSL_63029,0,2
ANSL_68454,1,2
ANSL_50887,0,2
ANSL_67036,1,2
ANSL_61038,0,2
ANSL_76090,0,2
ANSL_59578,0,2
ANSL_60731,0,2
ANSL_68619,1,1
ANSL_71986,2,1
ANSL_51065,0,1
ANSL_76296,1,2
ANSL_74974,0,2
ANSL_60360,0,2
ANSL_57536,0,2
ANSL_64340,0,1
ANSL_68940,0,1
ANSL_61004,0,2
ANSL_72941,0,1
ANSL_50994,0,2
ANSL_58474,1,2
ANSL_64547,0,1
ANSL_66405,0,2
ANSL_74720,2,4
ANSL_60297,0,2
ANSL_68034,0,2
ANSL_63860,1,1
ANSL_68613,1,2
ANSL_60142,1,1
ANSL_53289,0,2
ANSL_69365,1,2
ANSL_69834,2,4
ANSL_63896,0,1
ANSL_50928,1,2
ANSL_75294,1,2
ANSL_65349,0,1
ANSL_62007,0,2
ANSL_50494,1,2
ANSL_56733,0,1
ANSL_63947,1,2
ANSL_54174,1,2
ANSL_76655,1,2
ANSL_68415,0,1
ANSL_65259,0,1
ANSL_71092,0,2
ANSL_73297,0,1
ANSL_71804,1,2
ANSL_56472,1,2
ANSL_65376,0,2
ANSL_50289,1,2
ANSL_69965,0,2
ANSL_70959,0,2
ANSL_73823,1,1
ANSL_74233,1,2
ANSL_63532,1,1
ANSL_54688,0,1
ANSL_73980,0,1
ANSL_76582,0,2
ANSL_76823,0,1
ANSL_50413,1,2
ANSL_69237,1,2
ANSL_50643,1,1
ANSL_71654,0,1
ANSL_60049,0,2
ANSL_52768,0,2
ANSL_57632,0,2
ANSL_63516,0,1
ANSL_62816,0,2
ANSL_58679,1,1
ANSL_56394,1,2
ANSL_64157,0,2
ANSL_74745,0,1
ANSL_71843,0,1
ANSL_73995,0,1
ANSL_56026,0,1
ANSL_56402,0,2
ANSL_50327,1,2
ANSL_65963,1,1
ANSL_76257,2,4
ANSL_55691,0,2
ANSL_68068,0,1
ANSL_74391,1,1
ANSL_70524,0,1
ANSL_72472,0,2
ANSL_53192,0,1
ANSL_68594,1,2
ANSL_76430,0,2
ANSL_75502,1,2
ANSL_64501,0,2
ANSL_60258,0,2
ANSL_59165,0,2
ANSL_65410,0,1
ANSL_66544,0,2
ANSL_52574,0,2
ANSL_62914,0,2
ANSL_70471,1,2
ANSL_57732,0,2
ANSL_68203,0,2
ANSL_70070,0,1
ANSL_72272,1,1
ANSL_55717,1,1
ANSL_75312,0,1
ANSL_71765,1,2
ANSL_69639,2,4
ANSL_62600,1,2
ANSL_76478,0,1
ANSL_50960,0,1
ANSL_57626,1,2
ANSL_68826,1,2
ANSL_51265,0,2
ANSL_61216,1,1
ANSL_65250,1,1
ANSL_58405,0,2
ANSL_70369,2,4
ANSL_60736,0,2
ANSL_53975,1,2
ANSL_56017,0,1
ANSL_54008,0,1
ANSL_60112,0,2
ANSL_58685,1,2
ANSL_53844,0,2
ANSL_59748,1,2
ANSL_73137,1,2
ANSL_61138,1,1
ANSL_55161,0,1
ANSL_52834,0,2
ANSL_69804,0,1
ANSL_67030,2,4
ANSL_55739,1,2
ANSL_64394,1,2
ANSL_65925,0,1
ANSL_59859,0,2
ANSL_70834,0,1
ANSL_60250,0,2
ANSL_60998,0,2
ANSL_69577,0,2
ANSL_54885,0,1
ANSL_68051,0,2
ANSL_57491,0,2
ANSL_58927,0,1
ANSL_64233,1,2
ANSL_51881,0,2
ANSL_66864,0,2
ANSL_67848,0,1
ANSL_66206,0,2
ANSL_74976,1,1
ANSL_53509,0,2
ANSL_72179,0,1
ANSL_64961,2,1
ANSL_60791,0,2
ANSL_72047,0,2
ANSL_68459,1,2
ANSL_54625,0,1
ANSL_71690,0,2
ANSL_64123,1,1
ANSL_52016,1,2
ANSL_72640,0,2
ANSL_54817,0,2
ANSL_54211,1,2
ANSL_54151,1,2
ANSL_64169,0,2
ANSL_53100,1,1
ANSL_57435,0,2
ANSL_54138,0,2
ANSL_75972,0,2
ANSL_63314,1,2
ANSL_76678,0,2
ANSL_56522,1,1
ANSL_76870,0,2
ANSL_53118,0,2
ANSL_54428,0,2
ANSL_52209,1,2
ANSL_61504,1,1
ANSL_57957,0,1
ANSL_71241,1,2
ANSL_58197,1,2
ANSL_65233,0,1
ANSL_72411,0,1
ANSL_74369,1,2
ANSL_68728,2,4
ANSL_73339,0,2
ANSL_66894,0,2
ANSL_50841,1,1
ANSL_73894,0,1
ANSL_66188,0,1
ANSL_71460,2,4
ANSL_65696,1,2
ANSL_71249,0,2
ANSL_72157,2,1
ANSL_73039,1,2
ANSL_70667,1,2
ANSL_66870,0,1
ANSL_73928,0,2
ANSL_66137,1,2
ANSL_56909,0,1
ANSL_73604,0,2
ANSL_57648,1,2
ANSL_54068,1,1
ANSL_67704,0,1
ANSL_72953,1,2
ANSL_63304,0,2
ANSL_62729,0,1
ANSL_60455,0,1
ANSL_65347,1,2
ANSL_61084,0,1
ANSL_63175,0,2
ANSL_62187,1,1
ANSL_68451,0,2
ANSL_64143,0,2
ANSL_70352,1,2
ANSL_57650,1,2
ANSL_50741,0,2
ANSL_62339,0,2
ANSL_72682,0,2
ANSL_54263,2,4
ANSL_69735,0,2
ANSL_52226,0,2
ANSL_52760,0,2
ANSL_74687,1,2
ANSL_59671,1,1
ANSL_54861,1,2
ANSL_51332,0,2
ANSL_53473,1,2
ANSL_69440,1,1
ANSL_53569,0,1
ANSL_53600,0,2
ANSL_65630,2,1
ANSL_62595,1,1
ANSL_66615,2,1
ANSL_71377,0,1
ANSL_64102,0,2
ANSL_52919,2,1
ANSL_63164,0,1
ANSL_76591,1,1
ANSL_53858,0,2
ANSL_57502,1,2
ANSL_71218,0,1
ANSL_56529,0,2
ANSL_71118,1,2
ANSL_70199,0,2
ANSL_66072,1,2
ANSL_65435,2,2
ANSL_63771,1,2
ANSL_58775,1,2
ANSL_51949,0,1
ANSL_64442,0,2
ANSL_54228,1,2
ANSL_63803,1,2
ANSL_53193,1,2
ANSL_64304,2,4
ANSL_53188,0,1
ANSL_66251,0,2
ANSL_75095,1,2
ANSL_70971,1,1
ANSL_66397,1,2
ANSL_51288,0,1
ANSL_71417,0,2
ANSL_52876,0,2
ANSL_59053,0,1
ANSL_53007,1,2
ANSL_71546,0,1
ANSL_73365,1,2
ANSL_56067,0,1
ANSL_71893,0,2
ANSL_61231,2,4
ANSL_55964,0,1
ANSL_71022,0,2
ANSL_52739,1,1
ANSL_61264,1,2
ANSL_72362,0,2
ANSL_70047,0,2
ANSL_54973,0,2
ANSL_70490,0,1
ANSL_67524,0,2
ANSL_67423,2,4
ANSL_59428,0,2
ANSL_50258,2,4
ANSL_73182,1,2
ANSL_76253,0,1
ANSL_68359,1,2
ANSL_73038,0,1
ANSL_56551,2,1
ANSL_66334,1,2
ANSL_52782,0,2
ANSL_68604,0,1
ANSL_75614,0,2
ANSL_68059,0,2
ANSL_66449,1,1
ANSL_67457,2,1
ANSL_50219,0,2
ANSL_59305,0,1
ANSL_50234,0,1
ANSL_53227,1,2
ANSL_58874,0,1
ANSL_53765,0,1
ANSL_64884,0,1
ANSL_69733,1,2
ANSL_50311,0,2
ANSL_57215,1,1
ANSL_50818,2,4
ANSL_73129,0,2
ANSL_71058,0,1
ANSL_75022,0,1
ANSL_53507,1,2
ANSL_72285,0,2
ANSL_68544,0,1
ANSL_56128,0,1
ANSL_59679,0,1
ANSL_56143,0,1
ANSL_54854,0,1
ANSL_64937,1,2
ANSL_73459,0,2
ANSL_63781,0,2
ANSL_67517,1,2
ANSL_52362,0,1
ANSL_73318,2,4
ANSL_76018,1,2
ANSL_70220,1,2
ANSL_58124,1,2
ANSL_58741,0,2
ANSL_76446,1,1
ANSL_64742,1,2
ANSL_69615,1,1
ANSL_60133,2,4
ANSL_56264,1,2
ANSL_51031,0,2
ANSL_53807,0,2
ANSL_52925,1,1
ANSL_74461,2,1
ANSL_67440,1,1
ANSL_56051,1,2
ANSL_73062,0,2
ANSL_69139,2,1
ANSL_54642,1,2
ANSL_76314,0,2
ANSL_67584,0,2
ANSL_71234,0,2
ANSL_53071,1,1
ANSL_68942,1,2
ANSL_65750,0,1
ANSL_54136,2,1
ANSL_54492,0,2
ANSL_53923,0,2
ANSL_50361,0,2
ANSL_66306,1,1
ANSL_76841,2,4
ANSL_71334,0,1
ANSL_55625,0,2
ANSL_56459,1,1
ANSL_55743,1,2
ANSL_60677,0,2
ANSL_70682,1,1
ANSL_76362,1,2
ANSL_50755,2,1
ANSL_59244,1,1
ANSL_54926,0,2
ANSL_68927,2,4
ANSL_66254,2,4
ANSL_73840,1,1
ANSL_53585,0,2
ANSL_66097,1,2
ANSL_68716,0,2
ANSL_67332,0,1
ANSL_62227,0,2
ANSL_74806,0,1
ANSL_50754,0,2
ANSL_68602,0,1
ANSL_62628,2,1
ANSL_50081,0,2
ANSL_71709,1,2
ANSL_75103,1,2
ANSL_74723,1,1
ANSL_60869,0,2
ANSL_59252,1,2
ANSL_70848,0,2
ANSL_68441,0,2
ANSL_56052,0,2
ANSL_56458,0,2
ANSL_50757,0,2
ANSL_58985,0,2
ANSL_61970,0,2
ANSL_58173,1,2
ANSL_75078,0,1
ANSL_76251,1,2
ANSL_68897,0,2
ANSL_56010,2,1
ANSL_60283,0,2
ANSL_66735,0,2
ANSL_54904,0,1
ANSL_74679,0,1
ANSL_51519,0,2
ANSL_61046,0,2
ANSL_57737,1,2
ANSL_75239,2,2
ANSL_59376,1,2
ANSL_55850,0,2
ANSL_74080,0,2
ANSL_51671,0,2
ANSL_72713,1,2
ANSL_69488,1,2
ANSL_58847,0,2
ANSL_61941,1,1
ANSL_69088,1,2
ANSL_72826,1,1
ANSL_63336,1,2
ANSL_50074,0,2
ANSL_53645,0,2
ANSL_73249,1,1
ANSL_51892,1,2
ANSL_53477,1,1
ANSL_60587,0,2
ANSL_66237,0,1
ANSL_52847,1,2
ANSL_53335,0,2
ANSL_76468,1,1
ANSL_53459,1,1
ANSL_67317,2,4
ANSL_76756,0,2
ANSL_66130,1,2
ANSL_56436,0,1
ANSL_75947,0,2
ANSL_56225,0,2
ANSL_63857,1,1
ANSL_74089,1,1
ANSL_62243,0,1
ANSL_71907,0,1
ANSL_70417,1,2
ANSL_54868,1,1
ANSL_68064,0,1
ANSL_67711,0,2
ANSL_67213,1,1
ANSL_74999,1,2
ANSL_61529,0,2
ANSL_64995,0,2
ANSL_56977,0,1
ANSL_57390,0,1
ANSL_66229,1,1
ANSL_71020,0,2
ANSL_59541,0,2
ANSL_65725,1,1
ANSL_51335,0,2
ANSL_76616,0,2
ANSL_66139,1,2
ANSL_74434,0,2
ANSL_72601,0,2
ANSL_62752,0,2
ANSL_64550,2,4
ANSL_61057,0,2
ANSL_55548,0,2
ANSL_59154,1,1
ANSL_63900,0,1
ANSL_64264,1,2
ANSL_52499,0,2
ANSL_50022,0,2
ANSL_67861,0,1
ANSL_73324,0,2
ANSL_61774,1,1
ANSL_68640,1,2
ANSL_62780,0,2
ANSL_50826,2,1
ANSL_69594,0,2
ANSL_57910,2,4
ANSL_53163,0,2
ANSL_59378,2,1
ANSL_54923,1,1
ANSL_54919,1,2
ANSL_71259,2,4
ANSL_75098,0,1
ANSL_66185,2,4
ANSL_51355,2,1
ANSL_65131,0,1
ANSL_56926,0,2
ANSL_63527,1,2
ANSL_71901,1,2
ANSL_67057,1,1
ANSL_74871,0,1
ANSL_73180,0,2
ANSL_73754,1,2
ANSL_70370,0,1
ANSL_73769,0,1
ANSL_56170,0,2
ANSL_61132,1,1
ANSL_53358,1,1
ANSL_50000,0,2
ANSL_66523,0,1
ANSL_57185,0,2
ANSL_55145,1,2
ANSL_57753,0,2
ANSL_57151,0,2
ANSL_61072,0,2
ANSL_57104,0,1
ANSL_61106,1,2
ANSL_58318,0,2
ANSL_52237,0,2
ANSL_64510,0,2
ANSL_71124,1,2
ANSL_74306,1,1
ANSL_68976,1,2
ANSL_68701,0,2
ANSL_69798,0,2
ANSL_54033,0,1
ANSL_58758,2,4
ANSL_65590,0,2
ANSL_69535,2,4
ANSL_71232,1,2
ANSL_70509,2,4
ANSL_58700,0,1
ANSL_52864,0,2
ANSL_52151,0,2
ANSL_66790,0,2
ANSL_58210,0,2
ANSL_57769,1,2
ANSL_59593,0,2
ANSL_60548,0,1
ANSL_56621,1,2
ANSL_52803,0,2
ANSL_64632,1,2
ANSL_70936,1,2
ANSL_61614,0,2
ANSL_50409,0,2
ANSL_70666,2,4
ANSL_65496,1,2
ANSL_72495,1,1
ANSL_72089,1,1
ANSL_69982,0,2
ANSL_66124,1,1
ANSL_52263,0,1
ANSL_56231,0,1
ANSL_60030,0,1
ANSL_51049,0,2
ANSL_60688,2,4
ANSL_54079,0,1
ANSL_54416,1,2
ANSL_61718,0,2
ANSL_75742,0,2
ANSL_65020,1,1
ANSL_75068,0,2
ANSL_56218,0,2
ANSL_50313,1,1
ANSL_57542,0,2
ANSL_68030,1,2
ANSL_74967,0,1
ANSL_71601,0,1
ANSL_72971,1,1
ANSL_64479,0,2
ANSL_51551,0,1
ANSL_63905,0,2
ANSL_62297,1,2
ANSL_51966,0,1
ANSL_67308,0,2
ANSL_57881,0,1
ANSL_55909,1,2
ANSL_62818,1,2
ANSL_52296,1,2
ANSL_75427,0,1
ANSL_51574,1,2
ANSL_50793,1,1
ANSL_76668,0,2
ANSL_63797,1,1
ANSL_69267,0,2
ANSL_70087,0,1
ANSL_70050,0,1
ANSL_51726,0,1
ANSL_76851,0,2
ANSL_59537,0,1
ANSL_76309,0,2
ANSL_75200,0,2
ANSL_61059,0,1
ANSL_55776,1,2
ANSL_62692,0,2
ANSL_59703,1,2
ANSL_52598,1,2
ANSL_69202,2,4
ANSL_67721,0,1
ANSL_59493,0,2
ANSL_66926,0,2
ANSL_73108,0,2
ANSL_51176,1,2
ANSL_69093,0,2
ANSL_72018,0,2
ANSL_70952,0,2
ANSL_66034,1,1
ANSL_68669,0,2
ANSL_73921,0,2
ANSL_64302,1,2
ANSL_58476,1,2
ANSL_62680,0,2
ANSL_53229,1,1
ANSL_59965,0,1
ANSL_70268,1,1
ANSL_53312,0,1
ANSL_64555,1,1
ANSL_60748,0,2
ANSL_62786,1,2
ANSL_62798,1,1
ANSL_73611,0,1
ANSL_74119,0,1
ANSL_65808,1,2
ANSL_75363,0,1
ANSL_61280,0,2
ANSL_76173,0,2
ANSL_66155,0,1
ANSL_67642,0,0
ANSL_76212,0,1
ANSL_62582,0,2
ANSL_60904,1,2
ANSL_64863,1,1
ANSL_50637,1,2
ANSL_73642,0,2
ANSL_56235,1,1
ANSL_54841,0,2
ANSL_72787,0,1
ANSL_54582,1,1
ANSL_55047,0,1
ANSL_49972,0,1
ANSL_52980,0,2
ANSL_50138,1,1
ANSL_62298,1,1
ANSL_54437,0,1
ANSL_71269,1,1
ANSL_58972,0,2
ANSL_67436,0,2
ANSL_66645,0,2
ANSL_56409,1,1
ANSL_56383,1,1
ANSL_74317,1,1
ANSL_68797,2,4
ANSL_74032,0,2
ANSL_50008,0,2
ANSL_64946,0,2
ANSL_51097,0,1
ANSL_59104,0,1
ANSL_72639,0,1
ANSL_64611,2,1
ANSL_70549,1,2
ANSL_65866,0,1
ANSL_66418,1,2
ANSL_63890,1,2
ANSL_71922,0,1
ANSL_68276,0,1
ANSL_72299,0,2
ANSL_74036,1,2
ANSL_63226,0,1
ANSL_57091,1,1
ANSL_51367,1,1
ANSL_71154,0,2
ANSL_72866,1,2
ANSL_70377,0,1
ANSL_51907,0,1
ANSL_69138,0,2
ANSL_71423,0,1
ANSL_72936,0,2
ANSL_61587,1,2
ANSL_74405,0,2
ANSL_66580,0,1
ANSL_65415,1,2
ANSL_61709,0,2
ANSL_52014,1,1
ANSL_74050,0,2
ANSL_50240,0,1
ANSL_53818,0,1
ANSL_63572,1,2
ANSL_54577,1,1
ANSL_60992,1,1
ANSL_69146,1,2
ANSL_61328,1,1
ANSL_63481,0,1
ANSL_73126,0,2
ANSL_64794,1,2
ANSL_73115,1,2
ANSL_76120,0,1
ANSL_58687,0,2
ANSL_63801,0,2
ANSL_69944,1,2
ANSL_58669,0,1
ANSL_52484,0,2
ANSL_70636,0,1
ANSL_60409,1,2
ANSL_66733,1,1
ANSL_74910,0,2
ANSL_56094,0,1
ANSL_64942,0,1
ANSL_75828,0,2
ANSL_50144,0,2
ANSL_53532,1,2
ANSL_65682,1,1
ANSL_62555,0,1
ANSL_72080,0,2
ANSL_58697,1,1
ANSL_59364,0,2
ANSL_65845,1,2
ANSL_64926,0,1
ANSL_56970,0,2
ANSL_60524,2,4
ANSL_59817,0,2
ANSL_69148,1,2
ANSL_59081,1,2
ANSL_50423,0,2
ANSL_63127,1,2
ANSL_62664,1,1
ANSL_59267,2,1
ANSL_52735,2,4
ANSL_76751,0,2
ANSL_58396,1,2
ANSL_57457,1,2
ANSL_71104,1,1
ANSL_61934,2,4
ANSL_62860,0,2
ANSL_75866,1,2
ANSL_50803,0,2
ANSL_70904,1,2
ANSL_63316,1,2
ANSL_75930,0,1
ANSL_61725,0,2
ANSL_57375,1,2
ANSL_71888,0,1
ANSL_59068,0,1
ANSL_67824,1,2
ANSL_71644,1,2
ANSL_60101,0,2
ANSL_51116,1,2
ANSL_64193,0,2
ANSL_61430,0,2
ANSL_58088,0,2
ANSL_65887,0,2
ANSL_74958,0,2
ANSL_60966,0,1
ANSL_50931,0,2
ANSL_66626,0,1
ANSL_53173,0,1
ANSL_51383,1,2
ANSL_64758,1,2
ANSL_57675,0,1
ANSL_56443,0,2
ANSL_51158,0,1
ANSL_76137,0,2
ANSL_66672,1,2
ANSL_50155,0,1
ANSL_54381,1,1
ANSL_65686,0,2
ANSL_74159,0,2
ANSL_56451,0,2
ANSL_67168,0,2
ANSL_63035,0,2
ANSL_67324,1,1
ANSL_62720,0,1
ANSL_56412,1,1
ANSL_53367,1,1
ANSL_50838,1,2
ANSL_75260,0,2
ANSL_63709,0,2
ANSL_75706,2,4
ANSL_62432,1,1
ANSL_54532,0,2
ANSL_67873,1,1
ANSL_69631,1,2
ANSL_54971,1,1
ANSL_61263,1,2
ANSL_73025,0,2
ANSL_60140,1,1
ANSL_75479,0,2
ANSL_67433,0,1
ANSL_52866,1,2
ANSL_71168,0,2
ANSL_75914,0,2
ANSL_55597,1,2
ANSL_59827,0,2
ANSL_61355,1,2
ANSL_61069,0,1
ANSL_66059,1,1
ANSL_69203,2,4
ANSL_58055,0,2
ANSL_76643,0,2
ANSL_52481,0,2
ANSL_50714,0,1
ANSL_59777,1,1
ANSL_56347,0,2
ANSL_56778,0,2
ANSL_74865,0,2
ANSL_70045,1,1
ANSL_59552,2,1
ANSL_65360,1,1
ANSL_66238,0,2
ANSL_56808,1,1
ANSL_52405,0,2
ANSL_65598,0,2
ANSL_73887,0,2
ANSL_73011,1,1
ANSL_73851,1,1
ANSL_74456,1,2
ANSL_73707,0,1
ANSL_62021,1,2
ANSL_69814,0,1
ANSL_58273,0,2
ANSL_60372,0,2
ANSL_69242,0,2
ANSL_58987,0,1
ANSL_50283,0,1
ANSL_50678,0,2
ANSL_71048,1,2
ANSL_74605,0,2
ANSL_62237,0,2
ANSL_72132,1,2
ANSL_76113,1,2
ANSL_69691,0,2
ANSL_52167,0,2
ANSL_54511,1,2
ANSL_60334,0,2
ANSL_50906,0,2
ANSL_67112,0,1
ANSL_51145,2,1
ANSL_53519,1,2
ANSL_60578,0,1
ANSL_66998,0,2
ANSL_57098,1,2
ANSL_62925,0,2
ANSL_72417,1,1
ANSL_75575,1,2
ANSL_51689,1,2
ANSL_58765,0,1
ANSL_72313,0,1
ANSL_71836,0,2
ANSL_50275,1,1
ANSL_74698,1,2
ANSL_75422,0,2
ANSL_67087,0,1
ANSL_53524,0,2
ANSL_50009,0,2
ANSL_54061,0,2
ANSL_51301,1,1
ANSL_55362,1,2
ANSL_73369,0,2
ANSL_68495,1,2
ANSL_73047,0,2
ANSL_52699,0,2
ANSL_58209,1,2
ANSL_50263,0,2
ANSL_68807,1,1
ANSL_51562,1,2
ANSL_64773,0,2
ANSL_65117,0,1
ANSL_58579,0,2
ANSL_64580,2,4
ANSL_53894,0,2
ANSL_74570,0,2
ANSL_60497,0,2
ANSL_69268,1,1
ANSL_60796,1,2
ANSL_72209,0,1
ANSL_69886,0,1
ANSL_59908,1,2
ANSL_57263,1,2
ANSL_60977,1,1
ANSL_50738,0,1
ANSL_56653,1,2
ANSL_60319,2,4
ANSL_61903,0,1
ANSL_62506,0,2
ANSL_71388,1,2
ANSL_74845,1,2
ANSL_56240,0,2
ANSL_64860,0,2
ANSL_57744,0,2
ANSL_67209,0,1
ANSL_50201,0,2
ANSL_51192,0,2
ANSL_51195,1,2
ANSL_66900,2,2
ANSL_71975,1,2
ANSL_58122,1,2
ANSL_50322,1,1
ANSL_51863,0,1
ANSL_54893,0,2
ANSL_51972,1,2
ANSL_69095,0,2
ANSL_60042,0,2
ANSL_56571,0,2
ANSL_66203,0,1
ANSL_60087,0,2
ANSL_55727,0,1
ANSL_59565,0,1
ANSL_67925,1,2
ANSL_50139,2,4
ANSL_54738,0,1
ANSL_64480,1,2
ANSL_54857,0,2
ANSL_54249,0,2
ANSL_53313,1,2
ANSL_75800,0,2
ANSL_73516,0,2
ANSL_58185,1,2
ANSL_58454,0,2
ANSL_64033,1,2
ANSL_76564,2,4
ANSL_67495,0,2
ANSL_64875,1,2
ANSL_56211,0,1
ANSL_61012,1,2
ANSL_65723,0,1
ANSL_68101,2,4
ANSL_75987,0,2
ANSL_73007,2,4
ANSL_60835,1,2
ANSL_72839,1,1
ANSL_74922,1,2
ANSL_64125,1,1
ANSL_52536,0,1
ANSL_61058,2,4
ANSL_53573,1,1
ANSL_53684,0,2
ANSL_64461,0,2
ANSL_59201,0,1
ANSL_57298,0,2
ANSL_64175,1,1
ANSL_50937,0,1
ANSL_66265,1,2
ANSL_61550,0,2
ANSL_66774,0,1
ANSL_68333,2,4
ANSL_54626,0,1
ANSL_58349,1,1
ANSL_75715,1,1
ANSL_54920,0,2
ANSL_55169,0,1
ANSL_57301,0,2
ANSL_64925,0,1
ANSL_65907,1,1
ANSL_52411,0,1
ANSL_61881,1,1
ANSL_53809,0,2
ANSL_66866,0,1
ANSL_74577,0,2
ANSL_75460,0,2
ANSL_70153,1,1
ANSL_67884,1,1
ANSL_69350,2,1
ANSL_67789,1,2
ANSL_68413,0,2
ANSL_59970,0,2
ANSL_66179,0,1
ANSL_57265,0,1
ANSL_69484,0,2
ANSL_76451,0,1
ANSL_60355,1,1
ANSL_60270,1,2
ANSL_55755,0,1
ANSL_73121,0,2
ANSL_67106,2,4
ANSL_50071,1,2
ANSL_63846,0,2
ANSL_67404,0,2
ANSL_72312,0,1
ANSL_71566,0,2
ANSL_51772,1,2
ANSL_73321,2,1
ANSL_69910,0,1
ANSL_75527,2,1
ANSL_76182,0,1
ANSL_60046,1,1
ANSL_61395,1,2
ANSL_68801,1,1
ANSL_71885,0,2
ANSL_73055,0,1
ANSL_72190,1,2
ANSL_51532,0,2
ANSL_71862,1,2
ANSL_65986,0,2
ANSL_54533,0,2
ANSL_56781,0,2
ANSL_54233,0,2
ANSL_51322,1,2
ANSL_57549,1,2
ANSL_73797,2,4
ANSL_71173,0,1
ANSL_76088,0,2
ANSL_71287,0,2
ANSL_69502,2,4
ANSL_53658,0,1
ANSL_65652,0,2
ANSL_50548,1,2
ANSL_59834,0,1
ANSL_59004,0,2
ANSL_53307,0,2
ANSL_76294,0,2
ANSL_67198,0,2
ANSL_75266,0,2
ANSL_68845,0,2
ANSL_59536,1,1
ANSL_58873,0,2
ANSL_63084,0,1
ANSL_70740,0,1
ANSL_63548,0,2
ANSL_62434,0,2
ANSL_53251,0,2
ANSL_59472,1,1
ANSL_54104,2,1
ANSL_71988,0,2
ANSL_53571,0,2
ANSL_69251,0,1
ANSL_65499,0,2
ANSL_74717,0,2
ANSL_50286,0,2
ANSL_52035,0,1
ANSL_68782,0,1
ANSL_63268,0,1
ANSL_55938,0,2
ANSL_54821,0,1
ANSL_69368,1,1
ANSL_69366,0,1
ANSL_57720,2,1
ANSL_70133,1,2
ANSL_76657,0,2
ANSL_60781,0,1
ANSL_65182,0,2
ANSL_72516,0,1
ANSL_65674,1,2
ANSL_55590,2,4
ANSL_72779,1,1
ANSL_76689,2,4
ANSL_65862,0,2
ANSL_66278,1,1
ANSL_70290,0,2
ANSL_51373,1,2
ANSL_61233,2,4
ANSL_64060,2,1
ANSL_73446,1,2
ANSL_57560,1,2
ANSL_64424,0,2
ANSL_69041,0,1
ANSL_74791,1,2
ANSL_54410,0,2
ANSL_57875,1,2
ANSL_57232,1,2
ANSL_54100,0,2
ANSL_57068,1,2
ANSL_50611,0,1
ANSL_52497,0,1
ANSL_65011,0,2
ANSL_59187,0,2
ANSL_75516,1,2
ANSL_76154,1,2
ANSL_55292,0,1
ANSL_59021,1,1
ANSL_64279,0,1
ANSL_61776,0,1
ANSL_76175,1,1
ANSL_75524,2,2
ANSL_72216,0,2
ANSL_75087,0,1
ANSL_64752,1,2
ANSL_76388,0,2
ANSL_55588,0,1
ANSL_72006,0,2
ANSL_75944,1,2
ANSL_73708,0,2
ANSL_70517,0,2
ANSL_55331,0,1
ANSL_65689,0,1
ANSL_60593,1,1
ANSL_50278,1,1
ANSL_63378,0,2
ANSL_60096,1,2
ANSL_65901,0,2
ANSL_62684,2,4
ANSL_71790,2,4
ANSL_71035,0,1
ANSL_64255,1,2
ANSL_58472,1,2
ANSL_59658,0,1
ANSL_57692,0,2
ANSL_62437,0,1
ANSL_69816,0,2
ANSL_65609,0,1
ANSL_71495,0,2
ANSL_74880,1,1
ANSL_60766,0,2
ANSL_55817,0,2
ANSL_53520,0,2
ANSL_62175,1,2
ANSL_53239,1,2
ANSL_76432,0,2
ANSL_67367,0,2
ANSL_63520,1,2
ANSL_60010,2,1
ANSL_60573,1,2
ANSL_73942,1,1
ANSL_67817,1,2
ANSL_73510,1,1
ANSL_70397,0,2
ANSL_75166,1,2
ANSL_69921,1,2
ANSL_68793,1,2
ANSL_68237,0,2
ANSL_65594,0,1
ANSL_51505,2,1
ANSL_61985,1,1
ANSL_59571,1,2
ANSL_61731,1,2
ANSL_54286,1,1
ANSL_67843,1,2
ANSL_50277,0,1
ANSL_59348,0,2
ANSL_63689,1,2
ANSL_53467,0,2
ANSL_62293,1,1
ANSL_62854,1,1
ANSL_76281,0,1
ANSL_76473,1,2
ANSL_60343,1,1
ANSL_52397,1,2
ANSL_54840,1,2
ANSL_52741,0,2
ANSL_72027,1,2
ANSL_63103,1,1
ANSL_68535,1,1
ANSL_56270,1,1
ANSL_53924,1,2
ANSL_68574,0,2
ANSL_70841,0,2
ANSL_65732,0,2
ANSL_67487,0,1
ANSL_61371,0,2
ANSL_71863,0,1
ANSL_56613,0,1
ANSL_61111,0,1
ANSL_54542,1,2
ANSL_53136,1,2
ANSL_52655,1,1
ANSL_66321,1,1
ANSL_65348,0,2
ANSL_58931,0,1
ANSL_59161,2,4
ANSL_64226,0,2
ANSL_62687,2,4
ANSL_59003,0,1
ANSL_61477,0,2
ANSL_76686,2,4
ANSL_73565,1,2
ANSL_56345,0,1
ANSL_69922,0,1
ANSL_75534,0,2
ANSL_62041,0,1
ANSL_50839,0,2
ANSL_71299,0,2
ANSL_69513,1,2
ANSL_58162,0,1
ANSL_68370,1,2
ANSL_76607,0,2
ANSL_75547,0,1
ANSL_65541,1,2
ANSL_65954,1,1
ANSL_54528,1,1
ANSL_70188,1,1
ANSL_52172,0,2
ANSL_64762,0,1
ANSL_59862,1,2
ANSL_56478,0,1
ANSL_51763,1,2
ANSL_65765,2,1
ANSL_59787,1,2
ANSL_57863,0,2
ANSL_52894,0,2
ANSL_65918,0,1
ANSL_63262,0,2
ANSL_59078,0,2
ANSL_76204,1,2
ANSL_68252,2,4
ANSL_71373,0,2
ANSL_57830,1,2
ANSL_50919,1,1
ANSL_73505,0,2
ANSL_58239,0,2
ANSL_72916,2,4
ANSL_59925,0,2
ANSL_75330,0,1
ANSL_55276,0,1
ANSL_53483,1,1
ANSL_59114,0,2
ANSL_58619,1,2
ANSL_55377,2,4
ANSL_65688,0,2
ANSL_56339,0,2
ANSL_50039,1,2
ANSL_60926,1,1
ANSL_74447,1,2
ANSL_52577,0,1
ANSL_73758,1,2
ANSL_72821,0,1
ANSL_52792,1,2
ANSL_57163,0,1
ANSL_73004,0,2
ANSL_56016,1,2
ANSL_58993,1,1
ANSL_57928,0,2
ANSL_69454,0,1
ANSL_52142,0,2
ANSL_60815,0,1
ANSL_56271,0,1
ANSL_74116,0,2
ANSL_66451,1,2
ANSL_70567,1,2
ANSL_73181,1,1
ANSL_57016,1,2
ANSL_75896,0,1
ANSL_64743,0,1
ANSL_61869,1,2
ANSL_72014,1,2
ANSL_55238,1,2
ANSL_71997,0,2
ANSL_63818,0,2
ANSL_70633,0,2
ANSL_53928,0,2
ANSL_68664,0,1
ANSL_75121,0,2
ANSL_74251,0,1
ANSL_53987,0,1
ANSL_62380,0,1
ANSL_62826,0,2
ANSL_62994,0,1
ANSL_70315,2,1
ANSL_69863,0,1
ANSL_58496,1,2
ANSL_58409,0,2
ANSL_73238,2,4
ANSL_52975,0,2
ANSL_73068,0,2
ANSL_69318,1,2
ANSL_71508,0,2
ANSL_72307,0,2
ANSL_70195,1,2
ANSL_65959,0,1
ANSL_57417,1,2
ANSL_57522,0,2
ANSL_57761,1,2
ANSL_52396,0,1
ANSL_58989,1,1
ANSL_63942,1,2
ANSL_75077,1,2
ANSL_71884,0,2
ANSL_54189,2,4
ANSL_51292,2,1
ANSL_74093,0,1
ANSL_76737,1,2
ANSL_50605,1,2
ANSL_73444,1,2
ANSL_71089,0,2
ANSL_62760,2,4
ANSL_61017,0,1
ANSL_57236,0,2
ANSL_62142,2,4
ANSL_61388,2,4
ANSL_54252,0,1
ANSL_54265,2,4
ANSL_51204,1,1
ANSL_53303,0,2
ANSL_68326,1,1
ANSL_64650,0,1
ANSL_66918,1,2
ANSL_56904,2,1
ANSL_66629,0,2
ANSL_57038,2,1
ANSL_52307,1,1
ANSL_55307,0,2
ANSL_63387,1,2
ANSL_68347,2,4
ANSL_54853,1,1
ANSL_54977,0,2
ANSL_51631,0,1
ANSL_57921,1,1
ANSL_68349,0,2
ANSL_60063,0,1
ANSL_60432,1,1
ANSL_73251,2,4
ANSL_56498,0,2
ANSL_66610,0,2
ANSL_73404,0,1
ANSL_61582,0,2
ANSL_61581,1,2
ANSL_62765,1,2
ANSL_67583,0,1
ANSL_57273,0,2
ANSL_70537,0,2
ANSL_54159,0,1
ANSL_50627,1,1
ANSL_57321,0,2
ANSL_68654,0,1
ANSL_63741,1,2
ANSL_71099,0,2
ANSL_70839,1,1
ANSL_73943,1,2
ANSL_66497,0,2
ANSL_67676,0,2
ANSL_76349,1,2
ANSL_68071,1,2
ANSL_72315,1,1
ANSL_50556,1,2
ANSL_76731,1,2
ANSL_57973,1,1
ANSL_65207,1,1
ANSL_72983,1,1
ANSL_69396,1,2
ANSL_51734,1,1
ANSL_50408,0,1
ANSL_53049,0,1
ANSL_58223,0,2
ANSL_56033,0,2
ANSL_71493,0,1
ANSL_62121,1,2
ANSL_71722,1,1
ANSL_52214,0,2
ANSL_54842,1,2
ANSL_57895,0,2
ANSL_54464,0,2
ANSL_59102,0,2
ANSL_65338,0,1
ANSL_74886,1,1
ANSL_52291,1,1
ANSL_66858,1,1
ANSL_69321,0,1
ANSL_70557,1,2
ANSL_70659,0,2
ANSL_51352,1,1
ANSL_53795,0,1
ANSL_71383,0,1
ANSL_74198,1,1
ANSL_70335,0,2
ANSL_60798,1,1
ANSL_53563,0,1
ANSL_63328,0,2
ANSL_68764,0,2
ANSL_72704,0,1
ANSL_52972,0,2
ANSL_71523,0,2
ANSL_53107,0,1
ANSL_76773,1,1
ANSL_75634,1,2
ANSL_59395,0,1
ANSL_68840,0,2
ANSL_72920,0,2
ANSL_57448,0,2
ANSL_64079,0,1
ANSL_75049,0,2
ANSL_62247,0,1
ANSL_70462,0,2
ANSL_58535,0,2
ANSL_72167,1,2
ANSL_57641,0,2
ANSL_72522,1,1
ANSL_56491,1,1
ANSL_71425,2,4
ANSL_62995,1,2
ANSL_55510,0,2
ANSL_59498,0,1
ANSL_62484,1,1
ANSL_74566,1,2
ANSL_56098,2,4
ANSL_73077,0,2
ANSL_71380,2,4
ANSL_58633,1,2
ANSL_74860,1,2
ANSL_69516,0,2
ANSL_54206,0,2
ANSL_50308,2,2
ANSL_52469,0,2
ANSL_51085,0,1
ANSL_64943,2,1
ANSL_66813,0,1
ANSL_56021,0,1
ANSL_61341,0,2
ANSL_61524,0,1
ANSL_55619,1,2
ANSL_64301,0,2
ANSL_60277,1,2
ANSL_67403,1,2
ANSL_62033,1,2
ANSL_50439,0,1
ANSL_68467,0,2
ANSL_56200,0,2
ANSL_55738,0,1
ANSL_63600,1,1
ANSL_60169,0,2
ANSL_75570,0,2
ANSL_68665,0,1
ANSL_71245,0,1
ANSL_76233,0,2
ANSL_58688,0,2
ANSL_52361,0,2
ANSL_66644,1,2
ANSL_62210,0,2
ANSL_58538,0,2
ANSL_76712,1,2
ANSL_56669,1,2
ANSL_67039,0,2
ANSL_53803,1,1
ANSL_62316,0,2
ANSL_60949,1,2
ANSL_62105,1,2
ANSL_57295,0,2
ANSL_72599,2,4
ANSL_73443,0,2
ANSL_73610,1,1
ANSL_70294,2,4
ANSL_55135,1,2
ANSL_69859,1,1
ANSL_52270,0,2
ANSL_56396,0,2
ANSL_67083,0,1
ANSL_51205,1,2
ANSL_63307,1,1
ANSL_56729,0,1
ANSL_72814,0,2
ANSL_56722,0,1
ANSL_53690,0,1
ANSL_67913,0,2
ANSL_59001,1,2
ANSL_68250,0,1
ANSL_51975,0,1
ANSL_67015,0,1
ANSL_64954,0,2
ANSL_66263,0,1
ANSL_58389,0,2
ANSL_64350,2,1
ANSL_68226,1,2
ANSL_75325,1,2
ANSL_69872,1,2
ANSL_58545,0,2
ANSL_51441,0,2
ANSL_61791,0,2
ANSL_51311,0,1
ANSL_51054,0,2
ANSL_67707,0,1
ANSL_59664,1,2
ANSL_59448,1,2
ANSL_75180,2,1
ANSL_55015,0,2
ANSL_67589,1,2
ANSL_76529,0,2
ANSL_73431,1,1
ANSL_68773,1,2
ANSL_57676,0,2
ANSL_76019,0,2
ANSL_74600,1,2
ANSL_71676,0,2
ANSL_57429,0,2
ANSL_70329,0,1
ANSL_51037,1,2
ANSL_69603,0,2
ANSL_63538,0,1
ANSL_63076,1,2
ANSL_61260,1,2
ANSL_74731,1,1
ANSL_72120,1,2
ANSL_52136,1,2
ANSL_50025,0,2
ANSL_67419,1,2
ANSL_66335,2,4
ANSL_75034,0,1
ANSL_63920,1,2
ANSL_50846,2,1
ANSL_51571,0,2
ANSL_63014,1,2
ANSL_71878,1,2
ANSL_75028,0,2
ANSL_70243,1,2
ANSL_61843,0,1
ANSL_64593,0,2
ANSL_60809,0,2
ANSL_72616,0,2
ANSL_69409,1,2
ANSL_51156,2,4
ANSL_58821,0,1
ANSL_74163,0,2
ANSL_65090,1,2
ANSL_61792,1,2
ANSL_58430,0,2
ANSL_59089,1,2
ANSL_50207,0,2
ANSL_58773,0,1
ANSL_50658,2,1
ANSL_71685,1,2
ANSL_69372,0,2
ANSL_64325,0,2
ANSL_64730,0,1
ANSL_56360,1,2
ANSL_74947,0,1
ANSL_65841,1,1
ANSL_75031,0,2
ANSL_51451,0,1
ANSL_53843,0,2
ANSL_75990,0,2
ANSL_73830,0,1
ANSL_66172,1,2
ANSL_64803,1,2
ANSL_70898,0,2
ANSL_61690,0,2
ANSL_67755,1,2
ANSL_61553,1,2
ANSL_65070,0,2
ANSL_66728,0,1
ANSL_70568,1,1
ANSL_60533,0,2
ANSL_71789,1,2
ANSL_72050,0,2
ANSL_72162,0,1
ANSL_62538,0,2
ANSL_62813,2,4
ANSL_75678,0,2
ANSL_53394,0,2
ANSL_56580,0,2
ANSL_50632,0,2
ANSL_71819,1,2
ANSL_69830,1,1
ANSL_65998,0,2
ANSL_64623,1,2
ANSL_54407,0,2
ANSL_73560,1,2
ANSL_58418,0,1
ANSL_75960,1,2
ANSL_65760,1,1
ANSL_71336,1,2
ANSL_74551,0,1
ANSL_64464,1,2
ANSL_56076,0,2
ANSL_75025,0,2
ANSL_60698,0,2
ANSL_53045,0,2
ANSL_75538,0,2
ANSL_69764,0,2
ANSL_76197,0,2
ANSL_62411,1,2
ANSL_54116,1,2
ANSL_73601,0,2
ANSL_72879,0,1
ANSL_54046,1,1
ANSL_51457,1,2
ANSL_57725,0,2
ANSL_58420,0,2
ANSL_63705,0,2
ANSL_50737,1,2
ANSL_66234,1,2
ANSL_59478,0,2
ANSL_69617,0,2
ANSL_65824,1,2
ANSL_65601,0,1
ANSL_64349,1,1
ANSL_57486,1,2
ANSL_71868,0,2
ANSL_62733,0,1
ANSL_69359,1,2
ANSL_73633,1,2
ANSL_54960,1,1
ANSL_50947,0,1
ANSL_73527,0,2
ANSL_65740,1,2
ANSL_70934,0,1
ANSL_67954,0,2
ANSL_61882,0,2
ANSL_51173,1,1
ANSL_62374,0,2
ANSL_55916,1,2
ANSL_61245,0,1
ANSL_68171,0,1
ANSL_58232,0,1
ANSL_50335,0,1
ANSL_63921,1,1
ANSL_65878,1,1
ANSL_63740,0,2
ANSL_69974,0,1
ANSL_62307,0,2
ANSL_71672,0,1
ANSL_56496,1,2
ANSL_66823,0,2
ANSL_74934,0,1
ANSL_61698,1,2
ANSL_61209,2,1
ANSL_71725,1,2
ANSL_57577,0,2
ANSL_51422,0,4
ANSL_60551,2,4
ANSL_72148,0,2
ANSL_54774,0,2
ANSL_59921,1,2
ANSL_74711,1,1
ANSL_74444,1,2
ANSL_62951,0,2
ANSL_67994,0,1
ANSL_75326,0,2
ANSL_57731,0,2
ANSL_70473,1,1
ANSL_75996,0,2
ANSL_54547,0,2
ANSL_70733,1,1
ANSL_71321,1,1
ANSL_68561,0,1
ANSL_76054,0,2
ANSL_76145,0,1
ANSL_63918,0,1
ANSL_74339,0,2
ANSL_61516,0,1
ANSL_72001,2,1
ANSL_59302,1,2
ANSL_71757,1,2
ANSL_55880,1,2
ANSL_54585,1,1
ANSL_55899,0,1
ANSL_62643,0,2
ANSL_60832,1,2
ANSL_68341,0,2
ANSL_57388,0,2
ANSL_59343,0,1
ANSL_70645,1,2
ANSL_66453,0,1
ANSL_64785,0,1
ANSL_52929,1,2
ANSL_54756,0,2
ANSL_71535,0,2
ANSL_59470,1,2
ANSL_72838,0,2
ANSL_73018,1,2
ANSL_67121,1,2
ANSL_63012,0,1
ANSL_72972,0,2
ANSL_61895,0,2
ANSL_51955,0,2
ANSL_65116,0,2
ANSL_62550,1,2
ANSL_64210,0,2
ANSL_58240,1,2
ANSL_50421,0,2
ANSL_63559,1,2
ANSL_76702,0,2
ANSL_65106,0,2
ANSL_74702,1,1
ANSL_52444,0,2
ANSL_73255,1,1
ANSL_66842,0,2
ANSL_69786,1,1
ANSL_74120,1,1
ANSL_76874,2,4
ANSL_73548,1,2
ANSL_55839,0,2
ANSL_67836,1,2
ANSL_53582,0,1
ANSL_55133,1,2
ANSL_71296,1,2
ANSL_56140,0,1
ANSL_65623,1,2
ANSL_57121,0,1
ANSL_59496,0,1
ANSL_74389,0,2
ANSL_68930,2,4
ANSL_76267,2,1
ANSL_68044,2,1
ANSL_75724,1,1
ANSL_68389,0,2
ANSL_63329,1,2
ANSL_66603,1,2
ANSL_64973,0,2
ANSL_65497,1,2
ANSL_58724,0,2
ANSL_63366,1,2
ANSL_55845,1,2
ANSL_56049,0,2
ANSL_73960,0,2
ANSL_64689,2,4
ANSL_60237,0,2
ANSL_51315,0,2
ANSL_71803,0,1
ANSL_61588,0,2
ANSL_68462,1,1
ANSL_55348,0,2
ANSL_59180,1,2
ANSL_65933,0,2
ANSL_57649,1,1
ANSL_62878,0,2
ANSL_64513,0,2
ANSL_76351,0,2
ANSL_72324,0,2
ANSL_63051,0,2
ANSL_69964,0,2
ANSL_66004,0,1
ANSL_59326,0,1
ANSL_75810,0,2
ANSL_63434,0,2
ANSL_58276,2,4
ANSL_64976,0,1
ANSL_73996,0,1
ANSL_75995,1,2
ANSL_52187,1,2
ANSL_63891,0,2
ANSL_64098,1,2
ANSL_76370,0,2
ANSL_63270,1,2
ANSL_65479,0,2
ANSL_71972,0,2
ANSL_71491,0,2
ANSL_52389,1,1
ANSL_71870,2,2
ANSL_76549,0,2
ANSL_60406,0,2
ANSL_73874,1,1
ANSL_66182,0,2
ANSL_76735,0,2
ANSL_50651,1,2
ANSL_76734,0,1
ANSL_63444,0,2
ANSL_51101,2,1
ANSL_76763,1,1
ANSL_65465,0,4
ANSL_54713,0,1
ANSL_50933,0,2
ANSL_57783,0,1
ANSL_71112,1,2
ANSL_55872,0,2
ANSL_64524,0,2
ANSL_73317,1,1
ANSL_53027,0,2
ANSL_57205,0,2
ANSL_55695,1,2
ANSL_53086,1,1
ANSL_62349,0,2
ANSL_62517,0,2
ANSL_59457,0,2
ANSL_72823,0,2
ANSL_63971,0,2
ANSL_73189,0,2
ANSL_71189,1,1
ANSL_74787,0,1
ANSL_60316,0,2
ANSL_75705,0,1
ANSL_69821,0,1
ANSL_59588,0,1
ANSL_54956,1,2
ANSL_56376,1,2
ANSL_51463,0,2
ANSL_73620,1,2
ANSL_72163,0,1
ANSL_66154,0,2
ANSL_50876,0,2
ANSL_51460,1,1
ANSL_72270,0,2
ANSL_70880,0,2
ANSL_58896,1,1
ANSL_71116,1,2
ANSL_58910,0,2
ANSL_67666,1,2
ANSL_71721,1,1
ANSL_65849,1,2
ANSL_61994,1,2
ANSL_61578,2,4
ANSL_52807,1,2
ANSL_53622,0,1
ANSL_61794,1,1
ANSL_71792,0,2
ANSL_75322,0,2
ANSL_70044,2,1
ANSL_62789,0,2
ANSL_70709,0,1
ANSL_56350,0,1
ANSL_54313,0,1
ANSL_61269,1,2
ANSL_60411,1,2
ANSL_75349,0,2
ANSL_65402,1,1
ANSL_58345,1,2
ANSL_68988,1,2
ANSL_61639,0,2
ANSL_56500,0,1
ANSL_64084,0,2
ANSL_74537,0,2
ANSL_62273,0,2
ANSL_59106,1,1
ANSL_64320,1,2
ANSL_68337,0,2
ANSL_51030,0,2
ANSL_60029,1,1
ANSL_51413,2,4
ANSL_65646,0,2
ANSL_66595,2,4
ANSL_74777,1,2
ANSL_65538,0,2
ANSL_50393,1,1
ANSL_62446,0,2
ANSL_59885,0,2
ANSL_69943,2,2
ANSL_56930,0,1
ANSL_75378,0,1
ANSL_56941,0,2
ANSL_61539,2,1
ANSL_60584,1,1
ANSL_64435,1,2
ANSL_70156,2,2
ANSL_59694,1,2
ANSL_62364,0,2
ANSL_63347,0,1
ANSL_57420,0,1
ANSL_74459,0,2
ANSL_63919,0,2
ANSL_67018,0,1
ANSL_59262,1,2
ANSL_51541,0,2
ANSL_63393,0,1
ANSL_71021,0,1
ANSL_61207,0,2
ANSL_66294,1,2
ANSL_66990,1,2
ANSL_63923,1,2
ANSL_60671,1,2
ANSL_67609,2,1
ANSL_63447,1,2
ANSL_54114,0,1
ANSL_68224,1,1
ANSL_58221,1,1
ANSL_65726,2,1
ANSL_52600,1,2
ANSL_72550,0,2
ANSL_69954,0,2
ANSL_51523,1,2
ANSL_57810,0,1
ANSL_52611,0,2
ANSL_66861,1,2
ANSL_51321,2,4
ANSL_62920,0,2
ANSL_66761,1,2
ANSL_71430,0,1
ANSL_53189,0,1
ANSL_61499,1,2
ANSL_71120,0,1
ANSL_72076,1,2
ANSL_57870,0,1
ANSL_69239,1,1
ANSL_55653,1,2
ANSL_68429,0,2
ANSL_64059,1,2
ANSL_50735,0,1
ANSL_50303,0,1
ANSL_61248,1,1
ANSL_62150,0,2
ANSL_56474,0,1
ANSL_76600,1,1
ANSL_54682,1,2
ANSL_51177,0,2
ANSL_68999,2,4
ANSL_72889,1,1
ANSL_65770,0,1
ANSL_72837,1,1
ANSL_57138,0,2
ANSL_63577,0,2
ANSL_55587,1,2
ANSL_62276,1,1
ANSL_63893,0,1
ANSL_68060,0,1
ANSL_59263,0,2
ANSL_51548,0,2
ANSL_62706,2,4
ANSL_51458,1,2
ANSL_65633,0,1
ANSL_66423,1,2
ANSL_71400,0,1
ANSL_50271,2,4
ANSL_69962,0,2
ANSL_53418,0,2
ANSL_72121,1,1
ANSL_65145,0,2
ANSL_65616,0,2
ANSL_51659,2,1
ANSL_70086,1,1
ANSL_68393,0,2
ANSL_54975,0,2
ANSL_51678,0,1
ANSL_53095,1,1
ANSL_69783,0,2
ANSL_51362,0,2
ANSL_68430,1,1
ANSL_66787,0,2
ANSL_67566,1,2
ANSL_50975,1,2
ANSL_52104,2,1
ANSL_50033,0,2
ANSL_51653,0,2
ANSL_64251,0,1
ANSL_64539,1,2
ANSL_57168,0,2
ANSL_55670,1,1
ANSL_55859,0,1
ANSL_71082,1,2
ANSL_72915,1,1
ANSL_56652,1,2
ANSL_51995,0,2
ANSL_50945,0,2
ANSL_64615,1,1
ANSL_67139,0,1
ANSL_71747,0,1
ANSL_69740,1,2
ANSL_60572,1,2
ANSL_51947,1,1
ANSL_72016,0,2
ANSL_50497,0,2
ANSL_75372,0,1
ANSL_72762,2,4
ANSL_67155,2,1
ANSL_71599,0,1
ANSL_59144,0,2
ANSL_68717,0,1
ANSL_73901,0,1
ANSL_62543,1,1
ANSL_72151,1,1
ANSL_52695,0,1
ANSL_62663,0,2
ANSL_59046,0,1
ANSL_67164,1,1
ANSL_74908,0,2
ANSL_70664,0,1
ANSL_63648,0,1
ANSL_56367,0,1
ANSL_73761,0,2
ANSL_63370,1,2
ANSL_62424,0,2
ANSL_54572,0,1
ANSL_56145,2,4
ANSL_68774,2,1
ANSL_68744,0,2
ANSL_66470,1,1
ANSL_71510,1,2
ANSL_59561,2,4
ANSL_68912,0,2
ANSL_73470,2,4
ANSL_58951,0,2
ANSL_76638,1,2
ANSL_74104,1,2
ANSL_66190,0,1
ANSL_51344,1,2
ANSL_74669,0,1
ANSL_66555,0,2
ANSL_59312,0,1
ANSL_54819,2,1
ANSL_54502,0,2
ANSL_70041,0,2
ANSL_66436,0,2
ANSL_68920,0,2
ANSL_66587,0,1
ANSL_73370,1,2
ANSL_54475,0,2
ANSL_66456,1,1
ANSL_73233,1,2
ANSL_63184,2,2
ANSL_51223,0,2
ANSL_69881,2,1
ANSL_58590,2,1
ANSL_73072,0,1
ANSL_73650,0,2
ANSL_57451,0,1
ANSL_58168,1,2
ANSL_68593,0,2
ANSL_69531,0,2
ANSL_67969,1,2
ANSL_66777,0,1
ANSL_51918,0,1
ANSL_65112,0,1
ANSL_63221,0,2
ANSL_58337,0,2
ANSL_56661,1,1
ANSL_53292,0,2
ANSL_71869,0,1
ANSL_57045,1,2
ANSL_70954,0,2
ANSL_69574,1,1
ANSL_63717,1,2
ANSL_54185,0,1
ANSL_65658,1,1
ANSL_61321,1,2
ANSL_72931,2,1
ANSL_62883,0,1
ANSL_53587,2,1
ANSL_55233,0,2
ANSL_74063,0,1
ANSL_69249,1,2
ANSL_51137,1,2
ANSL_53481,0,2
ANSL_64378,0,2
ANSL_69690,1,2
ANSL_62717,1,2
ANSL_62899,0,1
ANSL_69583,0,2
ANSL_69157,1,2
ANSL_75438,0,2
ANSL_68996,0,2
ANSL_56847,0,2
ANSL_54781,1,2
ANSL_67569,1,2
ANSL_50217,0,1
ANSL_76231,1,2
ANSL_61752,2,2
ANSL_63291,1,1
ANSL_73475,0,2
ANSL_75769,0,2
ANSL_57647,0,2
ANSL_62040,1,2
ANSL_67225,1,2
ANSL_58928,1,1
ANSL_58505,1,1
ANSL_75542,1,1
ANSL_52348,0,2
ANSL_74703,0,1
ANSL_63265,1,2
ANSL_76618,1,2
ANSL_55186,1,2
ANSL_50428,0,2
ANSL_70284,1,2
ANSL_74259,1,1
ANSL_59138,2,1
ANSL_58404,0,2
ANSL_70764,0,1
ANSL_58095,2,4
ANSL_58258,2,4
ANSL_70833,1,2
ANSL_63473,0,1
ANSL_76714,1,2
ANSL_54491,1,2
ANSL_71951,0,1
ANSL_73045,0,2
ANSL_57937,0,2
ANSL_74174,1,2
ANSL_73976,0,1
ANSL_57034,0,1
ANSL_61456,0,1
ANSL_52236,0,1
ANSL_71767,0,1
ANSL_53187,1,1
ANSL_70085,0,1
ANSL_65199,1,2
ANSL_60576,1,2
ANSL_75680,1,1
ANSL_72526,1,2
ANSL_58871,0,2
ANSL_50437,0,1
ANSL_66194,1,2
ANSL_66526,1,2
ANSL_60640,1,2
ANSL_75835,0,1
ANSL_62180,1,1
ANSL_70059,0,1
ANSL_57764,1,2
ANSL_60969,0,2
ANSL_50118,0,2
ANSL_56998,0,2
ANSL_65071,1,2
ANSL_51981,0,1
ANSL_72314,1,2
ANSL_74469,1,2
ANSL_69080,0,1
ANSL_63173,0,2
ANSL_57235,1,1
ANSL_53439,1,2
ANSL_57430,1,2
ANSL_70757,0,1
ANSL_61596,0,2
ANSL_63461,1,2
ANSL_70001,1,2
ANSL_69734,1,2
ANSL_63682,0,2
ANSL_75923,0,2
ANSL_57274,1,2
ANSL_64401,0,2
ANSL_58171,1,2
ANSL_62829,2,2
ANSL_75897,0,2
ANSL_65480,0,1
ANSL_62926,0,2
ANSL_74309,0,1
ANSL_69825,0,1
ANSL_73829,0,1
ANSL_70122,1,1
ANSL_72268,0,2
ANSL_63394,1,1
ANSL_65593,0,2
ANSL_54892,0,1
ANSL_59705,0,2
ANSL_72386,1,2
ANSL_74599,2,1
ANSL_57350,0,1
ANSL_69595,0,2
ANSL_75704,0,2
ANSL_61109,0,2
ANSL_54914,1,2
ANSL_62320,1,2
ANSL_62572,0,1
ANSL_51555,1,2
ANSL_57290,0,2
ANSL_65516,1,2
ANSL_58266,0,2
ANSL_54526,1,2
ANSL_66715,0,1
ANSL_73291,1,2
ANSL_74291,0,2
ANSL_50837,0,1
ANSL_53235,1,2
ANSL_60340,0,2
ANSL_70957,1,2
ANSL_70185,0,1
ANSL_56001,0,2
ANSL_63159,0,1
ANSL_53972,1,2
ANSL_61387,0,2
ANSL_63448,2,4
ANSL_58376,0,2
ANSL_63973,1,2
ANSL_72082,1,2
ANSL_54203,0,1
ANSL_56746,0,1
ANSL_70749,2,4
ANSL_56268,0,1
ANSL_67571,0,2
ANSL_70729,2,1
ANSL_58044,1,1
ANSL_56100,0,2
ANSL_62451,1,2
ANSL_63183,0,1
ANSL_50412,0,2
ANSL_73111,1,2
ANSL_55382,2,4
ANSL_59118,0,2
ANSL_65857,0,1
ANSL_67492,2,1
ANSL_54375,0,2
ANSL_55907,1,1
ANSL_65527,1,1
ANSL_72910,0,2
ANSL_64239,2,4
ANSL_69956,1,2
ANSL_59841,0,2
ANSL_60047,0,2
ANSL_51782,1,2
ANSL_64126,1,1
ANSL_68981,0,2
ANSL_52048,1,2
ANSL_50112,0,1
ANSL_50896,0,2
ANSL_57094,0,2
ANSL_50795,2,4
ANSL_60538,1,2
ANSL_57282,1,2
ANSL_58340,0,2
ANSL_60136,1,2
ANSL_54523,0,2
ANSL_51805,0,2
ANSL_56130,0,1
ANSL_74328,0,1
ANSL_56644,0,2
ANSL_56553,0,1
ANSL_66993,2,4
ANSL_60797,1,2
ANSL_60818,0,2
ANSL_55540,0,2
ANSL_70871,1,2
ANSL_72506,0,2
ANSL_61686,0,1
ANSL_60834,0,2
ANSL_51641,1,2
ANSL_65694,1,2
ANSL_69254,0,2
ANSL_58000,0,2
ANSL_56056,0,2
ANSL_56511,2,1
ANSL_65559,0,2
ANSL_74350,1,2
ANSL_66898,0,2
ANSL_55819,0,1
ANSL_64819,0,1
ANSL_62554,0,2
ANSL_65430,0,2
ANSL_59677,0,1
ANSL_70526,0,2
ANSL_56617,0,2
ANSL_68590,0,1
ANSL_70559,1,2
ANSL_51567,1,1
ANSL_54117,1,1
ANSL_62093,0,1
ANSL_67373,0,1
ANSL_51154,2,4
ANSL_53098,0,2
ANSL_51320,0,1
ANSL_55040,2,4
ANSL_56253,0,1
ANSL_59629,1,2
ANSL_70162,1,1
ANSL_59024,2,1
ANSL_54003,0,2
ANSL_75555,0,2
ANSL_63984,2,4
ANSL_56890,1,2
ANSL_69456,0,2
ANSL_76515,0,2
ANSL_72033,0,1
ANSL_74040,2,4
ANSL_67920,2,1
ANSL_58973,0,1
ANSL_55085,0,2
ANSL_61316,1,2
ANSL_54053,1,2
ANSL_62269,1,1
ANSL_51620,0,2
ANSL_60223,0,2
ANSL_69687,0,1
ANSL_70445,0,2
ANSL_56773,1,2
ANSL_58831,0,1
ANSL_69145,1,1
ANSL_58544,0,2
ANSL_75564,0,1
ANSL_59584,0,2
ANSL_66773,1,2
ANSL_69283,2,1
ANSL_51785,0,2
ANSL_76822,2,1
ANSL_67183,0,2
ANSL_50209,0,1
ANSL_74248,0,2
ANSL_60982,1,2
ANSL_64962,0,2
ANSL_50979,0,2
ANSL_72993,0,1
ANSL_70038,0,2
ANSL_68364,2,4
ANSL_64876,1,1
ANSL_71002,0,1
ANSL_53148,1,1
ANSL_58584,0,1
ANSL_58846,0,2
ANSL_63711,0,1
ANSL_72518,1,2
ANSL_69221,0,1
ANSL_68934,1,2
ANSL_50055,0,2
ANSL_73333,0,2
ANSL_65152,0,2
ANSL_63435,0,1
ANSL_74042,1,2
ANSL_57146,0,1
ANSL_51253,0,2
ANSL_54248,1,2
ANSL_64498,0,1
ANSL_62442,0,2
ANSL_60535,0,2
ANSL_66922,0,1
ANSL_64022,0,2
ANSL_68483,0,1
ANSL_69034,0,1
ANSL_71028,1,2
ANSL_61617,0,2
ANSL_73191,1,2
ANSL_63065,0,2
ANSL_62308,0,2
ANSL_72332,0,1
ANSL_62781,0,2
ANSL_52523,0,2
ANSL_73529,1,2
ANSL_51241,0,1
ANSL_68081,1,1
ANSL_74410,1,2
ANSL_63281,0,1
ANSL_66146,1,1
ANSL_73153,0,2
ANSL_68562,1,2
ANSL_51609,1,1
ANSL_67577,0,2
ANSL_55797,0,1
ANSL_74351,0,1
ANSL_62077,2,1
ANSL_75927,1,2
ANSL_74023,0,2
ANSL_64566,1,2
ANSL_56872,1,1
ANSL_60581,0,2
ANSL_54553,2,4
ANSL_63465,1,2
ANSL_50432,0,2
ANSL_75926,1,2
ANSL_59416,0,2
ANSL_70308,0,2
ANSL_68702,1,2
ANSL_70809,2,1
ANSL_74470,0,1
ANSL_67952,1,2
ANSL_64415,1,2
ANSL_59930,0,2
ANSL_69788,1,2
ANSL_53709,0,2
ANSL_69730,0,2
ANSL_66747,0,1
ANSL_52916,1,2
ANSL_70433,1,2
ANSL_63209,0,2
ANSL_69225,2,1
ANSL_59729,0,2
ANSL_62511,0,1
ANSL_63275,0,1
ANSL_57225,0,2
ANSL_54574,0,1
ANSL_55035,0,2
ANSL_70218,1,1
ANSL_75410,0,1
ANSL_65085,1,1
ANSL_53351,0,2
ANSL_50813,1,1
ANSL_54482,1,2
ANSL_66661,0,1
ANSL_67906,1,2
ANSL_69403,0,2
ANSL_58502,1,2
ANSL_59933,1,2
ANSL_74371,1,1
ANSL_72130,1,2
ANSL_63118,1,2
ANSL_63826,0,2
ANSL_63138,0,2
ANSL_68140,0,2
ANSL_59731,1,2
ANSL_56372,1,2
ANSL_73728,1,2
ANSL_52942,0,2
ANSL_74535,1,2
ANSL_53833,0,2
ANSL_51091,1,2
ANSL_62869,0,2
ANSL_71801,0,2
ANSL_64260,1,1
ANSL_66841,1,1
ANSL_55433,1,2
ANSL_69781,1,2
ANSL_55164,2,4
ANSL_59895,1,2
ANSL_61137,0,1
ANSL_55664,1,2
ANSL_50435,1,2
ANSL_56285,2,1
ANSL_75346,0,2
ANSL_66226,2,1
ANSL_50920,0,2
ANSL_71185,1,2
ANSL_57322,2,4
ANSL_76339,1,1
ANSL_50084,1,1
ANSL_53783,0,1
ANSL_62122,2,1
ANSL_55159,0,2
ANSL_67754,0,2
ANSL_73416,0,2
ANSL_56682,0,2
ANSL_62444,1,2
ANSL_67262,0,2
ANSL_57532,0,2
ANSL_50365,0,2
ANSL_50791,0,2
ANSL_57304,0,2
ANSL_69086,0,2
ANSL_51806,2,4
ANSL_76868,1,2
ANSL_62763,1,2
ANSL_53970,1,1
ANSL_49992,0,2
ANSL_60210,0,1
ANSL_55363,1,1
ANSL_59031,1,2
ANSL_52064,1,2
ANSL_71842,0,2
ANSL_75368,1,1
ANSL_72731,1,2
ANSL_51791,0,2
ANSL_75042,0,2
ANSL_67449,0,2
ANSL_75473,0,2
ANSL_65328,1,1
ANSL_50706,0,1
ANSL_67435,0,2
ANSL_50459,0,1
ANSL_66407,0,1
ANSL_74648,1,2
ANSL_59036,1,1
ANSL_72679,2,4
ANSL_67996,0,2
ANSL_57237,0,2
ANSL_59811,0,2
ANSL_50281,1,2
ANSL_53190,0,2
ANSL_57714,0,2
ANSL_62233,0,2
ANSL_69410,0,2
ANSL_69813,2,1
ANSL_72576,0,2
ANSL_55732,0,1
ANSL_74058,1,1
ANSL_72021,2,4
ANSL_65317,2,4
ANSL_76217,1,2
ANSL_67842,1,1
ANSL_60206,0,2
ANSL_71626,0,2
ANSL_62834,1,1
ANSL_75041,0,2
ANSL_55926,0,2
ANSL_75988,0,1
ANSL_66350,1,1
ANSL_50691,1,2
ANSL_53046,1,2
ANSL_74546,0,2
ANSL_50686,1,2
ANSL_60336,0,2
ANSL_75957,1,1
ANSL_62388,1,2
ANSL_64396,1,1
ANSL_65886,1,2
ANSL_75616,1,2
ANSL_61416,0,2
ANSL_67987,0,1
ANSL_68439,2,4
ANSL_63383,1,1
ANSL_67474,1,1
ANSL_58458,0,2
ANSL_63018,0,2
ANSL_57061,0,2
ANSL_60583,0,1
ANSL_54535,0,1
ANSL_68348,1,1
ANSL_69234,0,1
ANSL_76447,0,2
ANSL_57507,1,2
ANSL_66531,0,2
ANSL_50802,1,2
ANSL_68814,0,1
ANSL_69843,1,2
ANSL_61255,1,1
ANSL_74833,0,1
ANSL_51429,2,1
ANSL_69808,1,2
ANSL_76787,1,2
ANSL_61835,0,2
ANSL_57153,1,2
ANSL_63124,0,1
ANSL_58214,0,2
ANSL_57067,0,1
ANSL_70191,1,2
ANSL_52132,0,1
ANSL_56728,0,2
ANSL_73207,0,1
ANSL_76107,1,1
ANSL_73991,0,2
ANSL_71348,0,2
ANSL_68261,0,1
ANSL_72773,0,2
ANSL_70624,2,4
ANSL_71608,0,1
ANSL_73378,0,2
ANSL_62907,0,2
ANSL_70591,1,2
ANSL_65999,0,1
ANSL_50394,0,2
ANSL_53954,0,1
ANSL_72248,1,1
ANSL_57040,0,2
ANSL_75324,0,2
ANSL_76498,0,2
ANSL_66413,0,2
ANSL_68611,0,1
ANSL_50498,2,4
ANSL_74134,1,2
ANSL_66085,1,1
ANSL_67715,0,1
ANSL_76436,0,2
ANSL_74136,1,2
ANSL_67821,0,2
ANSL_70002,1,1
ANSL_67204,0,2
ANSL_63642,0,1
ANSL_52569,1,2
ANSL_65074,0,1
ANSL_49976,2,1
ANSL_53623,1,1
ANSL_73167,1,2
ANSL_54342,0,2
ANSL_50867,2,4
ANSL_75149,0,1
ANSL_52222,1,2
ANSL_74297,0,1
ANSL_70372,0,2
ANSL_67313,1,1
ANSL_72855,0,1
ANSL_66318,1,1
ANSL_73401,1,2
ANSL_75642,0,2
ANSL_75165,1,1
ANSL_66342,1,1
ANSL_51982,0,2
ANSL_73305,0,1
ANSL_64638,0,2
ANSL_58625,0,2
ANSL_57499,1,2
ANSL_58492,1,2
ANSL_51390,1,2
ANSL_75824,1,2
ANSL_71642,1,1
ANSL_76687,2,4
ANSL_70901,0,2
ANSL_68063,1,2
ANSL_69719,0,2
ANSL_64101,0,1
ANSL_54414,0,2
ANSL_54864,0,1
ANSL_54210,0,1
ANSL_60445,1,2
ANSL_67363,0,2
ANSL_62954,0,2
ANSL_64416,0,2
ANSL_62821,2,4
ANSL_59495,0,2
ANSL_69137,0,1
ANSL_61947,0,2
ANSL_55564,0,1
ANSL_57018,0,1
ANSL_70129,0,1
ANSL_52899,1,2
ANSL_60752,0,2
ANSL_58144,0,2
ANSL_69284,1,2
ANSL_68749,0,2
ANSL_55606,1,2
ANSL_70539,0,1
ANSL_52880,1,1
ANSL_55620,1,2
ANSL_68737,0,2
ANSL_53048,0,2
ANSL_75168,1,2
ANSL_75212,0,1
ANSL_68420,0,2
ANSL_58595,1,2
ANSL_62231,0,2
ANSL_70586,0,2
ANSL_70108,1,1
ANSL_52242,1,1
ANSL_61473,0,2
ANSL_67970,0,2
ANSL_67602,2,4
ANSL_54043,2,4
ANSL_76696,0,1
ANSL_73226,0,2
ANSL_57602,1,1
ANSL_57972,0,1
ANSL_75055,1,2
ANSL_53794,0,1
ANSL_56676,0,2
ANSL_52182,0,1
ANSL_71748,0,2
ANSL_52400,0,1
ANSL_54259,0,2
ANSL_55171,0,1
ANSL_58344,1,2
ANSL_68095,1,2
ANSL_53037,0,2
ANSL_69227,1,1
ANSL_53774,0,1
ANSL_64403,1,2
ANSL_69996,1,2
ANSL_68682,0,2
ANSL_60783,0,2
ANSL_52818,0,2
ANSL_76554,0,1
ANSL_60366,1,2
ANSL_52828,0,2
ANSL_52085,0,2
ANSL_60916,0,1
ANSL_56164,0,2
ANSL_76230,0,2
ANSL_60171,0,1
ANSL_63406,0,1
ANSL_50304,1,2
ANSL_53884,1,2
ANSL_60123,1,2
ANSL_61191,0,1
ANSL_58916,0,2
ANSL_62402,0,1
ANSL_57670,1,2
ANSL_58654,1,2
ANSL_69352,1,2
ANSL_67675,0,1
ANSL_58657,1,1
ANSL_76867,0,2
ANSL_72105,1,1
ANSL_59881,1,1
ANSL_57228,2,1
ANSL_73584,0,1
ANSL_55393,0,2
ANSL_62732,0,2
ANSL_53945,2,4
ANSL_63219,0,2
ANSL_57259,0,2
ANSL_65836,0,2
ANSL_51680,0,2
ANSL_68750,0,2
ANSL_63001,1,2
ANSL_70566,1,1
ANSL_70444,1,2
ANSL_73403,1,2
ANSL_64375,2,1
ANSL_70337,1,2
ANSL_56638,0,1
ANSL_58861,1,2
ANSL_68589,2,4
ANSL_64631,1,2
ANSL_70183,0,2
ANSL_60076,0,2
ANSL_70937,0,2
ANSL_55933,1,1
ANSL_72661,0,1
ANSL_55921,0,1
ANSL_62895,0,2
ANSL_53735,0,1
ANSL_70869,0,1
ANSL_51798,0,1
ANSL_76307,1,1
ANSL_57248,0,2
ANSL_69795,0,1
ANSL_66652,0,2
ANSL_75423,0,1
ANSL_70259,0,2
ANSL_60789,0,1
ANSL_62724,0,2
ANSL_74462,2,1
ANSL_67349,1,2
ANSL_56023,0,2
ANSL_51611,1,2
ANSL_69241,0,2
ANSL_61286,1,2
ANSL_63718,1,1
ANSL_50881,1,2
ANSL_64105,1,1
ANSL_66330,1,1
ANSL_72011,1,2
ANSL_50807,0,2
ANSL_59281,0,1
ANSL_64669,1,2
ANSL_53664,0,2
ANSL_65909,0,2
ANSL_59345,0,2
ANSL_73165,1,2
ANSL_71231,1,1
ANSL_74614,0,2
ANSL_69562,1,1
ANSL_69953,0,1
ANSL_68246,0,1
ANSL_75821,1,2
ANSL_74051,0,1
ANSL_67770,0,1
ANSL_51775,0,2
ANSL_70302,1,1
ANSL_74411,0,1
ANSL_52837,0,2
ANSL_68839,0,2
ANSL_75580,1,1
ANSL_62225,1,2
ANSL_53671,1,2
ANSL_66192,0,2
ANSL_56885,0,2
ANSL_64642,2,1
ANSL_58247,0,2
ANSL_60515,0,1
ANSL_50724,0,2
ANSL_70728,0,2
ANSL_50728,0,2
ANSL_69829,0,1
ANSL_66563,0,2
ANSL_70004,1,2
ANSL_50875,0,2
ANSL_76459,1,2
ANSL_68487,0,2
ANSL_62964,1,2
ANSL_59129,0,1
ANSL_63662,1,2
ANSL_50487,2,1
ANSL_55677,0,2
ANSL_72330,0,2
ANSL_65993,1,1
ANSL_72999,0,1
ANSL_52354,0,2
ANSL_76103,1,1
ANSL_60156,0,2
ANSL_67064,0,1
ANSL_53769,0,1
ANSL_75023,1,2
ANSL_71706,1,2
ANSL_65500,0,1
ANSL_52427,0,2
ANSL_68607,1,2
ANSL_62592,0,1
ANSL_71091,2,4
ANSL_74844,1,2
ANSL_67562,0,1
ANSL_56771,0,2
ANSL_57330,0,1
ANSL_58062,0,2
ANSL_62317,0,2
ANSL_66094,0,2
ANSL_70684,0,1
ANSL_62750,0,2
ANSL_64598,0,2
ANSL_51225,1,2
ANSL_60968,1,2
ANSL_66419,1,2
ANSL_54490,0,2
ANSL_52251,1,2
ANSL_69878,0,2
ANSL_76359,0,2
ANSL_67935,2,4
ANSL_74758,1,2
ANSL_69358,1,2
ANSL_59451,0,2
ANSL_54847,0,1
ANSL_71658,0,2
ANSL_52599,0,1
ANSL_65847,0,2
ANSL_76269,2,1
ANSL_55445,0,2
ANSL_55222,1,1
ANSL_62690,0,2
ANSL_60853,1,2
ANSL_59613,2,1
ANSL_75430,1,2
ANSL_72643,1,2
ANSL_75754,0,2
ANSL_53989,2,1
ANSL_50051,0,1
ANSL_59203,2,1
ANSL_58393,1,1
ANSL_66196,2,1
ANSL_56326,1,1
ANSL_68618,0,2
ANSL_72848,0,2
ANSL_66024,1,1
ANSL_72494,0,2
ANSL_58689,1,2
ANSL_64109,2,1
ANSL_75723,0,2
ANSL_75601,1,2
ANSL_75293,0,2
ANSL_56060,1,2
ANSL_72152,0,1
ANSL_70894,1,1
ANSL_67702,0,1
ANSL_69742,0,1
ANSL_53575,2,4
ANSL_72098,2,4
ANSL_66967,0,2
ANSL_63839,1,1
ANSL_67017,0,2
ANSL_54273,0,1
ANSL_63158,2,1
ANSL_56738,0,1
ANSL_59869,1,2
ANSL_62118,1,2
ANSL_55289,0,1
ANSL_71457,0,2
ANSL_73543,1,1
ANSL_53164,1,1
ANSL_52152,1,2
ANSL_69116,0,2
ANSL_60793,1,1
ANSL_52619,1,1
ANSL_72373,0,1
ANSL_69649,0,2
ANSL_55968,2,4
ANSL_73101,0,2
ANSL_62059,0,2
ANSL_68011,0,2
ANSL_55407,1,2
ANSL_65188,1,1
ANSL_72705,1,1
ANSL_57829,0,2
ANSL_68508,0,2
ANSL_69806,1,2
ANSL_60326,1,1
ANSL_68445,2,4
ANSL_74301,0,2
ANSL_72226,0,2
ANSL_53694,2,1
ANSL_52306,0,1
ANSL_59410,0,1
ANSL_66737,2,1
ANSL_52325,0,2
ANSL_76071,1,2
ANSL_63780,1,2
ANSL_58007,1,2
ANSL_53621,0,2
ANSL_52495,0,2
ANSL_57349,0,1
ANSL_57176,1,1
ANSL_73956,0,2
ANSL_74601,0,2
ANSL_50662,0,2
ANSL_50256,0,1
ANSL_55143,0,1
ANSL_59396,1,2
ANSL_71307,0,2
ANSL_65883,1,1
ANSL_72746,1,2
ANSL_72497,0,1
ANSL_56050,0,1
ANSL_70589,0,2
ANSL_60654,1,2
ANSL_74417,1,1
ANSL_52939,0,2
ANSL_67690,1,1
ANSL_71680,0,2
ANSL_70990,1,1
ANSL_74899,1,1
ANSL_62705,2,4
ANSL_60259,0,2
ANSL_63248,0,2
ANSL_69963,0,1
ANSL_69725,1,2
ANSL_63160,0,2
ANSL_66955,0,2
ANSL_53946,0,2
ANSL_57133,1,2
ANSL_55304,1,1
ANSL_69587,2,2
ANSL_56916,0,2
ANSL_59727,0,2
ANSL_71559,0,2
ANSL_58265,0,1
ANSL_50833,1,1
ANSL_75405,1,1
ANSL_59371,1,1
ANSL_73067,1,2
ANSL_56198,1,1
ANSL_59188,0,2
ANSL_74926,0,1
ANSL_75259,0,2
ANSL_54546,0,2
ANSL_51199,0,1
ANSL_59832,0,1
ANSL_72022,1,2
ANSL_76794,0,2
ANSL_58039,0,2
ANSL_63885,0,1
ANSL_50340,0,1
ANSL_63426,0,2
ANSL_57876,1,1
ANSL_62315,0,1
ANSL_68266,0,1
ANSL_58102,0,2
ANSL_60082,1,2
ANSL_50796,1,1
ANSL_50840,0,2
ANSL_59080,1,1
ANSL_70424,0,2
ANSL_53834,1,1
ANSL_70479,0,1
ANSL_64594,0,4
ANSL_70661,1,1
ANSL_62257,0,2
ANSL_65656,1,2
ANSL_57955,0,2
ANSL_76097,0,2
ANSL_69309,1,2
ANSL_73166,0,2
ANSL_58121,0,2
ANSL_55239,0,2
ANSL_70756,0,1
ANSL_72484,0,2
ANSL_54348,1,2
ANSL_57611,2,1
ANSL_69885,1,1
ANSL_58248,1,1
ANSL_69852,0,2
ANSL_63675,0,2
ANSL_63679,0,2
ANSL_58553,1,2
ANSL_71071,1,2
ANSL_71301,0,1
ANSL_68065,0,1
ANSL_63995,0,2
ANSL_52455,0,2
ANSL_74857,0,2
ANSL_56338,0,2
ANSL_68875,0,1
ANSL_64470,1,2
ANSL_73857,0,1
ANSL_53001,0,2
ANSL_76552,0,2
ANSL_63658,2,1
ANSL_73591,1,2
ANSL_50667,0,2
ANSL_56174,0,2
ANSL_68547,2,4
ANSL_65922,0,2
ANSL_61053,0,2
ANSL_58791,0,2
ANSL_71647,0,2
ANSL_72698,2,4
ANSL_62342,0,1
ANSL_63214,1,2
ANSL_70328,1,1
ANSL_75543,0,1
ANSL_72051,0,2
ANSL_66017,1,1
ANSL_55383,0,1
ANSL_63414,0,1
ANSL_61647,2,4
ANSL_65535,0,2
ANSL_69889,1,1
ANSL_56595,1,1
ANSL_65132,0,1
ANSL_50358,0,2
ANSL_61898,1,1
ANSL_70478,0,2
ANSL_72428,0,1
ANSL_59892,0,2
ANSL_66548,0,2
ANSL_67125,0,2
ANSL_72555,1,2
ANSL_67425,1,2
ANSL_57004,0,1
ANSL_64200,0,1
ANSL_60885,0,1
ANSL_69135,0,2
ANSL_52414,0,2
ANSL_61738,0,2
ANSL_67942,1,2
ANSL_68332,1,2
ANSL_73602,0,2
ANSL_52668,0,1
ANSL_57992,2,4
ANSL_56603,2,1
ANSL_68634,0,2
ANSL_74805,0,2
ANSL_50483,0,2
ANSL_59542,1,2
ANSL_68257,0,2
ANSL_64989,0,2
ANSL_55051,0,1
ANSL_68139,2,4
ANSL_69499,0,1
ANSL_62875,0,2
ANSL_58485,0,2
ANSL_53860,0,2
ANSL_50539,1,2
ANSL_72776,0,2
ANSL_74709,1,2
ANSL_69481,1,1
ANSL_75825,1,2
ANSL_72059,0,2
ANSL_61590,0,2
ANSL_64815,0,2
ANSL_76685,0,2
ANSL_71918,0,2
ANSL_66642,1,1
ANSL_64641,0,1
ANSL_51991,0,2
ANSL_67652,1,2
ANSL_67701,0,2
ANSL_55101,0,2
ANSL_55343,0,1
ANSL_54168,0,2
ANSL_61198,0,2
ANSL_66614,1,2
ANSL_69457,1,2
ANSL_56809,0,2
ANSL_68533,0,1
ANSL_64369,2,4
ANSL_55274,0,1
ANSL_64531,1,2
ANSL_74519,0,2
ANSL_54468,0,2
ANSL_71034,0,2
ANSL_53695,0,1
ANSL_60618,0,2
ANSL_52343,0,2
ANSL_51040,0,2
ANSL_72543,0,2
ANSL_68624,0,2
ANSL_53572,2,4
ANSL_70244,1,2
ANSL_73733,1,2
ANSL_75964,1,2
ANSL_69623,1,2
ANSL_69280,1,2
ANSL_70654,1,2
ANSL_60579,2,1
ANSL_66759,1,2
ANSL_75018,1,2
ANSL_61167,0,1
ANSL_73538,0,1
ANSL_60437,1,2
ANSL_72799,1,2
ANSL_72408,1,2
ANSL_62613,1,2
ANSL_67243,0,1
ANSL_50447,1,2
ANSL_74589,0,2
ANSL_65477,2,4
ANSL_60625,1,2
ANSL_57024,1,1
ANSL_57444,2,1
ANSL_67035,1,2
ANSL_72488,1,2
ANSL_53223,1,1
ANSL_59040,1,1
ANSL_60220,1,2
ANSL_57240,1,2
ANSL_61802,1,1
ANSL_67526,0,2
ANSL_64389,1,2
ANSL_53156,1,1
ANSL_61571,0,1
ANSL_56246,0,2
ANSL_63851,0,1
ANSL_72900,0,2
ANSL_64089,1,1
ANSL_51723,0,1
ANSL_54797,0,2
ANSL_58099,2,1
ANSL_56951,0,2
ANSL_72470,1,2
ANSL_73906,1,2
ANSL_65650,0,2
ANSL_63873,1,1
ANSL_54262,0,1
ANSL_72396,0,2
ANSL_69673,0,2
ANSL_58403,1,1
ANSL_58895,0,1
ANSL_54870,1,1
ANSL_70501,0,2
ANSL_66553,1,2
ANSL_67212,0,2
ANSL_73270,1,2
ANSL_67042,0,2
ANSL_68921,0,2
ANSL_73762,1,2
ANSL_57331,0,1
ANSL_64702,0,2
ANSL_50630,0,1
ANSL_55053,1,1
ANSL_67006,0,2
ANSL_61424,0,2
ANSL_56421,1,2
ANSL_62589,0,2
ANSL_62766,0,2
ANSL_52260,0,1
ANSL_50273,1,2
ANSL_66961,0,2
ANSL_59790,1,2
ANSL_66340,1,2
ANSL_52385,0,1
ANSL_53904,1,2
ANSL_72378,1,2
ANSL_51339,1,2
ANSL_70402,0,2
ANSL_61901,0,1
ANSL_74363,1,1
ANSL_58128,1,2
ANSL_70016,0,1
ANSL_52452,0,1
ANSL_73658,0,2
ANSL_72091,1,1
ANSL_52373,0,2
ANSL_74480,0,2
ANSL_66032,1,1
ANSL_70061,1,1
ANSL_60367,0,1
ANSL_59141,2,1
ANSL_76579,0,1
ANSL_73905,0,2
ANSL_52335,0,2
ANSL_70818,1,2
ANSL_72119,0,2
ANSL_52176,2,4
ANSL_63751,0,2
ANSL_56109,1,2
ANSL_67673,0,1
ANSL_54925,0,1
ANSL_54994,1,2
ANSL_68890,1,2
ANSL_50300,0,1
ANSL_55303,0,2
ANSL_50229,1,2
ANSL_50782,2,4
ANSL_67956,1,1
ANSL_55295,1,2
ANSL_71551,0,2
ANSL_75890,0,1
ANSL_52588,1,1
ANSL_70946,0,2
ANSL_60032,0,1
ANSL_60811,2,4
ANSL_61602,0,1
ANSL_69782,0,1
ANSL_59937,1,1
ANSL_69689,0,1
ANSL_55769,2,4
ANSL_58797,1,2
ANSL_74005,0,1
ANSL_55628,1,2
ANSL_75766,1,2
ANSL_49997,0,2
ANSL_73400,1,2
ANSL_64358,1,1
ANSL_71067,0,2
ANSL_54964,1,2
ANSL_52127,1,2
ANSL_76053,0,2
ANSL_63895,0,1
ANSL_70240,0,2
ANSL_74696,0,1
ANSL_74485,0,1
ANSL_62071,0,2
ANSL_63243,0,2
ANSL_73974,1,2
ANSL_55722,1,2
ANSL_52779,0,1
ANSL_54750,0,1
ANSL_64841,0,2
ANSL_55674,0,2
ANSL_58356,0,2
ANSL_66906,0,2
ANSL_62008,0,2
ANSL_74079,0,1
ANSL_66549,0,2
ANSL_59192,1,2
ANSL_50032,0,2
ANSL_55652,0,2
ANSL_54376,0,2
ANSL_70118,1,1
ANSL_62055,2,1
ANSL_69026,0,1
ANSL_68435,0,2
ANSL_57981,1,2
ANSL_54801,1,1
ANSL_62001,0,1
ANSL_75474,0,2
ANSL_50128,0,2
ANSL_74819,0,1
ANSL_69061,0,1
ANSL_75967,0,2
ANSL_73813,0,1
ANSL_68642,0,2
ANSL_72798,0,1
ANSL_62566,0,2
ANSL_61607,0,1
ANSL_73714,0,1
ANSL_70519,2,1
ANSL_64146,0,1
ANSL_69354,2,4
ANSL_50542,0,1
ANSL_60179,2,4
ANSL_65056,0,2
ANSL_67026,0,1
ANSL_53492,0,2
ANSL_61935,1,2
ANSL_76383,0,1
ANSL_63736,0,2
ANSL_53176,1,2
ANSL_64163,0,2
ANSL_59050,2,1
ANSL_69769,0,2
ANSL_66091,1,2
ANSL_50936,1,2
ANSL_75785,0,1
ANSL_53586,0,2
ANSL_57807,1,1
ANSL_70770,1,2
ANSL_52991,0,1
ANSL_57441,0,1
ANSL_53451,1,2
ANSL_71359,1,2
ANSL_74821,0,1
ANSL_75665,1,1
ANSL_58929,1,2
ANSL_64892,0,1
ANSL_59245,1,1
ANSL_69463,1,2
ANSL_61960,1,2
ANSL_53270,0,2
ANSL_73482,0,2
ANSL_57442,1,2
ANSL_72088,1,1
ANSL_71138,2,1
ANSL_73263,0,1
ANSL_75299,0,2
ANSL_54900,1,2
ANSL_71897,0,2
ANSL_66754,0,1
ANSL_75506,1,2
ANSL_58034,2,1
ANSL_72901,1,2
ANSL_73568,0,2
ANSL_63396,0,1
ANSL_72406,0,2
ANSL_57402,0,2
ANSL_65637,0,1
ANSL_55998,0,2
ANSL_75968,0,2
ANSL_56530,2,4
ANSL_53028,1,1
ANSL_68800,1,1
ANSL_67503,0,2
ANSL_71944,1,2
ANSL_56124,2,4
ANSL_61769,1,2
ANSL_51818,0,2
ANSL_67110,0,2
ANSL_55684,0,1
ANSL_61821,0,1
ANSL_54145,1,2
ANSL_64675,0,2
ANSL_57071,0,1
ANSL_63584,0,2
ANSL_76865,1,2
ANSL_75619,0,1
ANSL_65227,0,1
ANSL_73397,1,1
ANSL_54288,1,1
ANSL_52955,0,1
ANSL_53927,0,2
ANSL_55366,0,1
ANSL_74141,0,2
ANSL_56283,1,2
ANSL_54163,1,2
ANSL_76605,0,1
ANSL_67530,0,1
ANSL_58920,2,4
ANSL_56867,0,1
ANSL_68973,0,2
ANSL_53465,1,1
ANSL_75913,0,2
ANSL_62480,0,2
ANSL_51960,0,2
ANSL_63962,0,2
ANSL_76186,1,1
ANSL_58215,0,2
ANSL_50060,0,2
ANSL_63574,1,2
ANSL_53346,0,2
ANSL_50082,1,1
ANSL_52956,1,1
ANSL_55931,0,2
ANSL_65826,0,1
ANSL_50298,0,1
ANSL_51298,0,2
ANSL_69455,1,2
ANSL_72943,0,2
ANSL_69218,0,2
ANSL_51191,0,2
ANSL_73508,0,2
ANSL_50086,0,2
ANSL_51261,1,1
ANSL_61808,1,1
ANSL_59626,1,1
ANSL_70601,2,1
ANSL_58504,0,1
ANSL_65109,1,2
ANSL_60965,0,2
ANSL_74780,0,2
ANSL_71702,0,2
ANSL_55902,1,2
ANSL_59190,1,2
ANSL_63738,0,2
ANSL_67552,0,2
ANSL_54409,1,2
ANSL_51219,0,2
ANSL_64312,1,2
ANSL_57258,2,4
ANSL_51554,2,1
ANSL_69613,0,1
ANSL_73498,0,1
ANSL_63206,0,1
ANSL_52559,0,2
ANSL_70187,0,1
ANSL_67505,0,2
ANSL_66693,0,1
ANSL_56136,0,2
ANSL_58508,0,2
ANSL_53964,2,1
ANSL_53827,0,1
ANSL_52322,1,2
ANSL_59497,1,1
ANSL_54658,1,2
ANSL_65564,1,2
ANSL_75561,0,1
ANSL_64941,2,4
ANSL_75282,0,2
ANSL_73503,1,2
ANSL_56590,0,2
ANSL_50450,1,1
ANSL_63163,2,1
ANSL_57503,1,2
ANSL_71395,0,2
ANSL_56095,1,2
ANSL_71485,0,2
ANSL_54096,1,1
ANSL_63530,0,2
ANSL_66902,0,1
ANSL_53710,1,1
ANSL_70514,0,2
ANSL_68437,0,1
ANSL_74552,2,4
ANSL_66152,0,2
ANSL_70125,0,2
ANSL_59573,0,2
ANSL_68621,0,2
ANSL_66264,1,2
ANSL_60153,1,2
ANSL_55049,0,1
ANSL_71828,1,2
ANSL_66702,1,2
ANSL_55723,1,2
ANSL_64966,1,1
ANSL_66826,0,2
ANSL_68007,1,1
ANSL_55344,2,4
ANSL_72567,1,2
ANSL_51248,1,1
ANSL_52350,2,4
ANSL_57535,0,2
ANSL_68537,1,1
ANSL_65549,0,1
ANSL_54938,0,2
ANSL_69353,0,1
ANSL_53577,1,1
ANSL_60841,0,2
ANSL_68444,1,2
ANSL_55458,1,2
ANSL_75455,1,1
ANSL_62065,1,1
ANSL_60947,0,2
ANSL_66675,0,1
ANSL_58580,1,2
ANSL_76857,1,1
ANSL_61885,0,2
ANSL_66567,1,2
ANSL_67535,1,2
ANSL_69536,1,1
ANSL_76274,1,2
ANSL_51125,1,1
ANSL_62461,1,2
ANSL_68730,1,1
ANSL_72670,0,2
ANSL_67334,1,1
ANSL_58283,0,1
ANSL_53321,2,1
ANSL_72173,1,1
ANSL_57127,0,2
ANSL_65801,0,1
ANSL_69637,0,2
ANSL_62891,1,2
ANSL_53617,1,2
ANSL_74194,0,1
ANSL_61181,0,1
ANSL_50721,0,2
ANSL_74458,1,1
ANSL_62547,0,1
ANSL_66132,0,2
ANSL_68294,1,2
ANSL_67357,0,2
ANSL_68528,0,2
ANSL_56525,0,2
ANSL_53581,0,2
ANSL_67762,1,2
ANSL_52037,0,2
ANSL_64778,1,2
ANSL_59213,0,2
ANSL_65596,1,2
ANSL_69381,0,1
ANSL_72793,0,2
ANSL_66428,0,2
ANSL_64137,1,1
ANSL_65802,0,2
ANSL_50545,1,2
ANSL_51245,1,1
ANSL_68658,0,2
ANSL_55464,2,4
ANSL_72099,1,1
ANSL_67750,0,2
ANSL_61459,1,2
ANSL_51008,0,2
ANSL_64407,0,1
ANSL_50610,0,1
ANSL_58331,1,2
ANSL_53702,0,2
ANSL_73335,1,1
ANSL_70788,1,2
ANSL_75898,0,1
ANSL_60060,0,2
ANSL_65042,0,1
ANSL_56123,0,2
ANSL_61498,0,2
ANSL_59530,1,2
ANSL_53198,2,1
ANSL_74246,1,2
ANSL_65987,0,2
ANSL_59148,1,2
ANSL_60151,0,1
ANSL_62051,0,2
ANSL_63369,0,2
ANSL_60137,2,4
ANSL_50280,1,2
ANSL_74883,1,1
ANSL_58768,2,4
ANSL_62800,0,2
ANSL_61537,2,4
ANSL_67389,0,1
ANSL_75491,0,4
ANSL_76094,1,2
ANSL_59991,0,2
ANSL_54556,2,1
ANSL_49975,0,2
ANSL_57204,1,2
ANSL_60631,0,1
ANSL_58256,0,2
ANSL_63456,1,2
ANSL_57970,0,2
ANSL_55227,0,1
ANSL_50540,1,1
ANSL_68818,0,2
ANSL_73296,0,1
ANSL_55067,0,2
ANSL_73380,0,1
ANSL_64694,1,2
ANSL_54617,1,2
ANSL_73268,1,2
ANSL_62843,1,2
ANSL_50696,0,1
ANSL_51000,1,2
ANSL_66927,0,2
ANSL_60349,0,2
ANSL_64032,1,2
ANSL_73933,1,1
ANSL_52729,1,2
ANSL_74685,0,2
ANSL_68032,0,1
ANSL_66502,0,2
ANSL_60730,0,2
ANSL_71182,0,1
ANSL_52860,1,2
ANSL_59876,1,1
ANSL_55741,0,1
ANSL_62082,0,2
ANSL_54082,0,2
ANSL_51570,1,1
ANSL_74118,0,1
ANSL_59228,1,1
ANSL_53883,1,1
ANSL_56789,0,1
ANSL_74523,1,2
ANSL_60163,1,1
ANSL_51674,1,2
ANSL_63849,1,1
ANSL_73660,0,1
ANSL_62526,0,2
ANSL_64475,2,4
ANSL_60561,1,2
ANSL_63201,0,1
ANSL_66337,0,1
ANSL_67961,0,2
ANSL_53357,1,2
ANSL_51891,0,2
ANSL_60119,1,2
ANSL_65706,1,1
ANSL_58690,0,2
ANSL_58325,0,1
ANSL_50374,0,1
ANSL_68741,0,2
ANSL_76254,0,2
ANSL_63668,0,2
ANSL_52724,0,2
ANSL_66942,1,1
ANSL_71416,1,2
ANSL_54385,1,1
ANSL_76272,0,2
ANSL_67180,0,2
ANSL_52088,0,2
ANSL_74575,1,2
ANSL_71583,1,2
ANSL_54197,1,2
ANSL_50066,0,2
ANSL_50862,1,2
ANSL_70497,1,2
ANSL_62819,0,2
ANSL_67422,0,2
ANSL_51104,0,1
ANSL_63166,0,2
ANSL_69045,0,1
ANSL_63190,1,1
ANSL_71629,0,1
ANSL_73647,1,1
ANSL_69593,0,2
ANSL_67420,0,1
ANSL_50789,1,2
ANSL_74221,0,2
ANSL_58859,0,1
ANSL_72812,0,1
ANSL_68565,0,1
ANSL_50398,0,2
ANSL_51621,1,2
ANSL_63091,0,2
ANSL_53707,1,1
ANSL_51852,2,4
ANSL_56087,1,2
ANSL_63254,0,2
ANSL_52160,1,1
ANSL_63207,0,1
ANSL_51020,1,2
ANSL_56405,0,2
ANSL_61753,0,2
ANSL_51363,0,2
ANSL_76156,1,2
ANSL_64793,1,2
ANSL_55385,1,2
ANSL_60667,0,2
ANSL_52067,1,2
ANSL_76862,1,2
ANSL_50972,0,2
ANSL_69418,1,2
ANSL_63585,1,1
ANSL_58866,1,2
ANSL_54447,2,1
ANSL_72181,0,1
ANSL_58189,1,1
ANSL_72150,0,2
ANSL_71927,1,2
ANSL_64215,0,2
ANSL_69411,0,1
ANSL_73034,0,2
ANSL_75317,1,2
ANSL_64422,1,2
ANSL_66163,0,1
ANSL_56976,0,2
ANSL_58452,1,2
ANSL_76308,1,1
ANSL_76772,0,2
ANSL_59976,1,2
ANSL_74822,2,4
ANSL_57325,0,1
ANSL_72194,1,1
ANSL_68017,0,2
ANSL_73376,2,4
ANSL_60705,0,2
ANSL_76499,1,2
ANSL_75148,1,2
ANSL_51633,2,1
ANSL_73059,1,2
ANSL_60057,1,1
ANSL_67124,0,2
ANSL_51484,0,2
ANSL_57084,1,2
ANSL_57415,0,1
ANSL_52044,0,2
ANSL_50585,0,2
ANSL_69193,0,1
ANSL_76764,0,2
ANSL_63592,0,2
ANSL_67480,1,2
ANSL_65267,0,2
ANSL_68686,1,1
ANSL_59914,2,4
ANSL_63879,0,2
ANSL_69278,0,2
ANSL_59443,1,1
ANSL_60727,1,1
ANSL_65041,0,1
ANSL_75500,1,2
ANSL_71912,0,2
ANSL_56694,0,1
ANSL_76641,1,2
ANSL_62303,0,2
ANSL_66776,0,1
ANSL_55570,0,2
ANSL_64417,0,2
ANSL_65419,1,2
ANSL_75364,1,2
ANSL_56029,1,2
ANSL_59167,1,1
ANSL_58726,0,1
ANSL_51905,1,2
ANSL_68376,0,2
ANSL_55341,0,1
ANSL_73531,0,2
ANSL_56009,0,1
ANSL_58316,0,1
ANSL_67096,1,2
ANSL_51345,0,1
ANSL_63231,0,2
ANSL_54735,2,4
ANSL_58865,1,1
ANSL_67875,0,2
ANSL_69496,1,2
ANSL_53505,0,2
ANSL_65080,1,1
ANSL_50973,0,2
ANSL_62939,0,2
ANSL_56358,1,1
ANSL_51827,1,2
ANSL_74360,0,1
ANSL_70205,0,2
ANSL_75142,0,1
ANSL_52727,1,2
ANSL_59916,0,2
ANSL_68968,0,1
ANSL_70995,0,2
ANSL_55115,0,2
ANSL_57885,1,2
ANSL_56819,1,2
ANSL_60504,1,2
ANSL_55706,0,1
ANSL_70134,1,2
ANSL_67382,1,2
ANSL_71531,0,2
ANSL_65081,1,2
ANSL_55467,0,1
ANSL_57366,1,1
ANSL_68625,2,1
ANSL_64647,0,1
ANSL_62156,0,1
ANSL_66949,1,2
ANSL_61322,2,1
ANSL_65265,0,2
ANSL_55027,0,2
ANSL_65110,1,1
ANSL_56517,0,2
ANSL_54702,2,4
ANSL_67163,1,1
ANSL_57847,2,1
ANSL_51693,2,4
ANSL_71310,0,1
ANSL_73056,1,1
ANSL_61308,0,1
ANSL_73022,1,1
ANSL_76114,0,2
ANSL_62006,0,2
ANSL_65282,0,2
ANSL_52940,0,2
ANSL_74606,0,1
ANSL_53659,1,1
ANSL_67468,0,1
ANSL_51017,0,1
ANSL_65544,2,4
ANSL_73354,2,1
ANSL_61471,1,1
ANSL_75607,0,1
ANSL_63750,0,2
ANSL_70498,0,1
ANSL_53447,1,2
ANSL_72540,1,2
ANSL_51247,1,2
ANSL_63136,0,2
ANSL_73831,0,2
ANSL_55052,0,1
ANSL_65820,1,2
ANSL_62787,0,2
ANSL_57656,2,4
ANSL_62422,1,2
ANSL_66916,0,2
ANSL_60201,0,2
ANSL_76134,0,1
ANSL_50680,1,2
ANSL_52446,0,1
ANSL_50625,1,2
ANSL_55288,0,2
ANSL_67141,1,2
ANSL_57659,1,2
ANSL_68692,0,1
ANSL_50808,1,1
ANSL_67694,0,2
ANSL_76555,1,2
ANSL_60530,0,1
ANSL_74094,0,2
ANSL_73244,1,2
ANSL_56132,1,2
ANSL_76629,1,2
ANSL_63556,2,1
ANSL_64568,0,1
ANSL_55971,0,2
ANSL_53311,0,1
ANSL_51334,1,2
ANSL_67473,0,2
ANSL_67561,0,1
ANSL_71111,0,2
ANSL_58832,0,2
ANSL_64299,0,1
ANSL_57287,1,1
ANSL_61049,1,1
ANSL_73844,0,1
ANSL_50362,1,1
ANSL_72780,0,1
ANSL_71387,1,2
ANSL_62109,0,2
ANSL_54280,1,1
ANSL_52258,1,2
ANSL_55950,1,2
ANSL_63864,1,1
ANSL_59624,2,4
ANSL_58616,1,2
ANSL_70367,1,1
ANSL_60670,1,2
ANSL_52386,1,2
ANSL_71298,1,2
ANSL_70184,0,2
ANSL_50993,0,1
ANSL_63555,2,4
ANSL_57873,0,1
ANSL_68615,0,1
ANSL_63850,0,2
ANSL_52417,1,2
ANSL_71859,1,1
ANSL_59778,1,2
ANSL_60788,1,2
ANSL_60983,0,2
ANSL_63701,1,2
ANSL_74728,0,1
ANSL_66369,0,1
ANSL_58698,0,1
ANSL_70609,1,2
ANSL_71006,0,2
ANSL_76816,0,1
ANSL_59491,0,2
ANSL_52689,1,2
ANSL_59202,0,2
ANSL_73409,1,1
ANSL_56948,0,1
ANSL_57493,0,1
ANSL_74300,0,1
ANSL_60331,0,1
ANSL_67493,0,2
ANSL_68662,0,2
ANSL_74680,1,1
ANSL_70884,0,2
ANSL_62052,0,1
ANSL_71235,0,2
ANSL_71565,0,1
ANSL_75615,1,2
ANSL_67093,1,2
ANSL_63224,1,2
ANSL_69632,0,1
ANSL_68918,1,1
ANSL_51973,1,2
ANSL_76372,1,2
ANSL_70103,0,2
ANSL_52556,1,2
ANSL_55557,0,1
ANSL_71873,0,2
ANSL_73635,0,2
ANSL_52213,1,1
ANSL_65817,0,2
ANSL_74966,1,2
ANSL_52618,1,2
ANSL_71729,0,2
ANSL_56290,0,1
ANSL_57814,2,4
ANSL_60990,1,1
ANSL_72619,0,2
ANSL_65805,0,2
ANSL_53039,0,1
ANSL_64896,1,2
ANSL_57792,2,1
ANSL_65908,1,1
ANSL_76278,0,2
ANSL_56084,1,1
ANSL_53615,0,2
ANSL_50135,0,2
ANSL_74181,1,1
ANSL_75637,1,2
ANSL_70084,0,1
ANSL_51884,1,2
ANSL_70950,0,1
ANSL_66177,0,2
ANSL_50829,1,1
ANSL_64574,0,1
ANSL_60754,1,2
ANSL_74588,0,2
ANSL_50713,1,2
ANSL_55046,0,2
ANSL_75403,1,1
ANSL_52691,2,1
ANSL_56810,1,2
ANSL_62064,0,1
ANSL_62250,1,2
ANSL_72927,1,1
ANSL_53653,1,1
ANSL_69161,1,1
ANSL_68314,0,2
ANSL_57467,0,2
ANSL_52665,1,2
ANSL_65904,1,2
ANSL_55497,0,1
ANSL_64640,0,1
ANSL_54426,2,4
ANSL_60174,0,2
ANSL_64645,1,2
ANSL_66574,0,2
ANSL_68100,1,2
ANSL_67297,0,2
ANSL_56745,0,1
ANSL_51588,1,2
ANSL_70747,0,2
ANSL_57255,1,1
ANSL_58253,0,1
ANSL_70173,1,2
ANSL_76475,0,1
ANSL_58629,0,1
ANSL_67879,0,2
ANSL_60104,0,1
ANSL_75058,1,2
ANSL_71992,1,1
ANSL_65248,0,2
ANSL_68085,1,1
ANSL_52285,1,2
ANSL_50466,2,4
ANSL_52317,2,1
ANSL_72095,1,1
ANSL_53564,0,2
ANSL_66952,0,2
ANSL_70703,0,2
ANSL_73015,0,2
ANSL_72412,1,2
ANSL_68111,0,2
ANSL_63831,0,2
ANSL_65293,2,1
ANSL_55710,0,2
ANSL_58736,0,1
ANSL_56247,1,2
ANSL_56724,0,1
ANSL_64890,0,2
ANSL_68693,0,2
ANSL_52368,2,4
ANSL_70960,1,1
ANSL_61458,2,4
ANSL_57313,2,4
ANSL_52149,1,2
ANSL_74034,0,1
ANSL_69815,0,2
ANSL_75590,0,2
ANSL_74861,0,2
ANSL_51661,0,2
ANSL_54509,0,2
ANSL_56322,1,2
ANSL_51444,1,2
ANSL_68518,0,1
ANSL_75729,0,2
ANSL_62252,0,2
ANSL_72257,0,2
ANSL_66999,1,1
ANSL_63954,0,2
ANSL_75453,0,1
ANSL_55701,0,1
ANSL_73608,0,1
ANSL_66499,0,2
ANSL_74590,0,1
ANSL_75748,1,2
ANSL_61838,1,2
ANSL_64343,0,2
ANSL_67154,1,2
ANSL_73969,0,2
ANSL_55125,0,1
ANSL_66911,0,2
ANSL_70180,1,1
ANSL_68828,0,2
ANSL_61733,0,2
ANSL_65966,0,2
ANSL_56245,1,2
ANSL_59405,1,1
ANSL_68816,0,2
ANSL_61086,1,2
ANSL_61431,1,2
ANSL_50467,1,2
ANSL_58243,0,2
ANSL_64814,0,1
ANSL_53646,1,1
ANSL_58288,0,2
ANSL_55718,1,1
ANSL_58875,0,1
ANSL_53109,2,1
ANSL_50939,2,4
ANSL_52130,0,2
ANSL_52744,2,1
ANSL_57382,1,2
ANSL_59648,0,2
ANSL_59083,0,2
ANSL_64549,0,2
ANSL_65135,1,1
ANSL_56658,0,1
ANSL_64404,1,2
ANSL_76753,1,2
ANSL_51238,0,2
ANSL_56134,1,2
ANSL_76602,0,1
ANSL_50121,1,2
ANSL_50324,0,1
ANSL_63122,1,2
ANSL_62179,0,2
ANSL_51739,0,2
ANSL_68649,0,1
ANSL_64082,1,1
ANSL_67625,2,1
ANSL_69184,1,2
ANSL_54669,2,4
ANSL_56662,1,2
ANSL_64963,0,2
ANSL_70994,0,2
ANSL_65064,0,1
ANSL_66758,0,2
ANSL_58090,0,1
ANSL_59942,1,1
ANSL_52023,1,2
ANSL_72617,0,2
ANSL_61631,0,2
ANSL_59139,1,2
ANSL_60347,2,1
ANSL_71681,0,1
ANSL_65667,1,2
ANSL_64323,1,2
ANSL_71369,0,2
ANSL_61963,1,2
ANSL_55394,0,1
ANSL_63418,0,1
ANSL_50291,2,4
ANSL_56188,0,2
ANSL_75578,0,2
ANSL_55339,1,2
ANSL_56758,1,1
ANSL_59597,0,2
ANSL_56244,0,2
ANSL_67733,1,1
ANSL_55826,1,1
ANSL_70786,0,2
ANSL_70993,0,1
ANSL_65134,1,2
ANSL_75487,0,2
ANSL_52675,0,1
ANSL_54036,1,2
ANSL_62814,0,1
ANSL_72265,0,2
ANSL_53922,0,1
ANSL_71587,1,1
ANSL_73517,0,1
ANSL_66371,1,2
ANSL_63986,1,2
ANSL_75696,0,2
ANSL_68414,0,1
ANSL_61420,0,1
ANSL_71195,1,2
ANSL_59759,0,1
ANSL_70453,0,2
ANSL_68838,1,2
ANSL_64195,1,2
ANSL_76507,0,1
ANSL_66765,0,2
ANSL_54687,1,2
ANSL_63547,0,2
ANSL_76837,0,2
ANSL_60293,2,4
ANSL_71687,1,2
ANSL_70158,1,2
ANSL_51149,1,1
ANSL_51353,2,4
ANSL_51644,0,2
ANSL_53489,0,2
ANSL_51942,0,1
ANSL_68480,0,2
ANSL_73815,0,2
ANSL_70306,0,2
ANSL_74931,0,2
ANSL_62103,1,2
ANSL_74312,1,2
ANSL_74323,0,2
ANSL_65522,0,1
ANSL_51161,0,2
ANSL_58682,0,2
ANSL_65120,1,2
ANSL_71718,1,1
ANSL_55338,0,1
ANSL_73606,1,2
ANSL_75839,0,1
ANSL_65005,0,2
ANSL_65727,2,1
ANSL_64718,1,2
ANSL_71186,1,2
ANSL_64046,1,2
ANSL_49985,2,1
ANSL_59153,1,1
ANSL_57526,0,1
ANSL_61369,0,1
ANSL_63011,1,2
ANSL_59753,0,2
ANSL_74307,2,1
ANSL_65173,1,2
ANSL_60939,0,2
ANSL_69362,1,2
ANSL_69442,0,2
ANSL_57965,0,2
ANSL_58746,0,2
ANSL_74293,0,2
ANSL_72531,1,2
ANSL_64776,0,1
ANSL_61670,1,1
ANSL_73084,1,2
ANSL_55248,0,1
ANSL_53401,0,2
ANSL_75517,0,1
ANSL_62660,0,2
ANSL_64745,0,2
ANSL_76830,0,2
ANSL_55404,1,1
ANSL_71009,1,2
ANSL_58137,1,1
ANSL_70406,1,1
ANSL_68477,1,1
ANSL_67926,0,1
ANSL_51365,0,2
ANSL_53298,0,2
ANSL_63855,2,4
ANSL_67033,0,1
ANSL_53917,0,1
ANSL_56761,0,1
ANSL_53405,1,1
ANSL_55206,1,2
ANSL_58905,0,2
ANSL_68116,0,2
ANSL_51140,0,2
ANSL_72395,0,1
ANSL_57064,0,2
ANSL_71774,0,2
ANSL_66825,1,1
ANSL_72717,0,1
ANSL_70556,1,2
ANSL_57660,0,2
ANSL_57318,1,1
ANSL_62990,0,2
ANSL_71704,1,2
ANSL_58257,1,2
ANSL_66978,1,1
ANSL_53419,1,2
ANSL_64030,1,2
ANSL_70080,0,1
ANSL_67804,1,2
ANSL_67478,0,2
ANSL_50492,1,2
ANSL_74349,1,2
ANSL_73028,0,1
ANSL_67529,1,2
ANSL_58292,0,2
ANSL_74542,0,2
ANSL_71740,0,2
ANSL_53953,2,1
ANSL_60273,2,1
ANSL_58858,0,1
ANSL_71037,1,2
ANSL_61565,0,1
ANSL_51471,1,2
ANSL_74247,0,2
ANSL_55720,0,2
ANSL_51515,1,2
ANSL_74666,1,2
ANSL_55740,1,1
ANSL_62973,1,2
ANSL_72449,0,2
ANSL_75751,0,2
ANSL_61093,0,2
ANSL_51284,0,2
ANSL_51115,0,1
ANSL_50912,1,2
ANSL_76050,1,2
ANSL_50924,1,2
ANSL_69290,0,1
ANSL_71950,0,1
ANSL_52565,0,2
ANSL_56765,0,2
ANSL_68256,1,1
ANSL_61475,2,4
ANSL_60473,1,1
ANSL_71933,1,2
ANSL_63791,2,4
ANSL_65291,0,1
ANSL_73670,0,1
ANSL_65715,0,2
ANSL_54195,0,2
ANSL_74547,1,1
ANSL_57092,1,1
ANSL_76809,0,2
ANSL_64835,0,1
ANSL_75428,0,2
ANSL_73179,1,1
ANSL_75725,0,2
ANSL_66157,1,2
ANSL_55081,1,2
ANSL_70353,0,2
ANSL_62044,1,2
ANSL_53892,2,1
ANSL_66602,0,1
ANSL_67995,1,1
ANSL_63016,1,2
ANSL_54825,0,2
ANSL_74671,0,2
ANSL_67302,1,1
ANSL_60257,0,1
ANSL_71793,0,2
ANSL_58290,1,2
ANSL_67550,0,1
ANSL_67727,0,1
ANSL_67280,0,2
ANSL_57797,1,1
ANSL_56495,1,2
ANSL_52208,0,2
ANSL_57695,0,2
ANSL_53273,0,1
ANSL_65387,0,2
ANSL_63097,0,2
ANSL_55735,0,1
ANSL_71905,0,1
ANSL_76510,0,2
ANSL_69371,1,1
ANSL_50299,0,2
ANSL_54129,0,2
ANSL_66976,0,2
ANSL_72229,0,2
ANSL_72827,0,1
ANSL_58136,0,2
ANSL_58945,0,2
ANSL_68245,2,1
ANSL_53323,0,2
ANSL_59056,1,1
ANSL_69720,0,2
ANSL_61074,0,2
ANSL_52788,0,2
ANSL_52999,0,1
ANSL_59359,0,2
ANSL_62998,0,2
ANSL_59938,0,2
ANSL_58484,0,2
ANSL_54422,1,2
ANSL_52052,1,2
ANSL_62056,0,2
ANSL_71335,1,2
ANSL_50665,0,2
ANSL_65273,0,2
ANSL_72775,1,2
ANSL_56432,1,2
ANSL_65238,0,2
ANSL_68805,0,1
ANSL_63472,0,2
ANSL_61157,1,2
ANSL_59995,1,2
ANSL_76059,0,2
ANSL_60200,0,2
ANSL_55294,0,1
ANSL_72898,1,2
ANSL_74650,1,2
ANSL_61508,1,1
ANSL_61849,1,2
ANSL_73625,1,2
ANSL_61007,0,1
ANSL_51812,0,1
ANSL_51029,0,1
ANSL_54883,0,2
ANSL_53327,1,1
ANSL_64462,2,4
ANSL_65336,1,2
ANSL_69226,1,2
ANSL_67752,1,2
ANSL_75284,0,2
ANSL_55033,0,2
ANSL_52238,0,2
ANSL_52277,0,1
ANSL_52620,0,2
ANSL_65769,1,2
ANSL_74624,1,1
ANSL_70933,0,2
ANSL_57286,1,1
ANSL_63828,0,2
ANSL_67760,0,2
ANSL_74911,0,2
ANSL_51399,0,2
ANSL_64159,0,1
ANSL_64562,0,1
ANSL_69147,0,2
ANSL_73114,1,2
ANSL_56725,1,2
ANSL_75875,0,2
ANSL_59548,0,1
ANSL_69490,0,1
ANSL_75850,0,1
ANSL_55868,0,1
ANSL_70101,0,1
ANSL_59743,1,1
ANSL_63551,2,4
ANSL_76489,0,1
ANSL_54650,0,1
ANSL_52079,1,1
ANSL_57254,0,2
ANSL_63693,0,2
ANSL_71832,1,1
ANSL_63817,1,1
ANSL_60930,2,4
ANSL_54284,0,2
ANSL_53213,0,2
ANSL_57849,1,2
ANSL_60365,1,2
ANSL_71403,1,1
ANSL_62460,1,2
ANSL_61616,1,2
ANSL_70874,1,2
ANSL_64699,0,2
ANSL_68564,0,2
ANSL_72042,1,2
ANSL_62630,0,2
ANSL_72992,0,2
ANSL_73540,1,2
ANSL_75649,0,2
ANSL_75638,0,2
ANSL_53186,1,1
ANSL_54011,1,1
ANSL_51854,0,2
ANSL_67515,0,2
ANSL_53681,0,2
ANSL_75140,0,2
ANSL_71851,0,1
ANSL_63213,1,2
ANSL_55180,0,2
ANSL_74866,0,2
ANSL_55154,0,1
ANSL_64933,1,2
ANSL_59596,1,2
ANSL_70063,1,2
ANSL_61506,0,2
ANSL_65899,1,2
ANSL_69777,1,1
ANSL_67378,0,2
ANSL_72742,1,1
ANSL_64829,0,2
ANSL_65639,0,2
ANSL_54540,0,2
ANSL_65448,0,2
ANSL_74719,1,2
ANSL_59836,1,2
ANSL_50434,0,2
ANSL_68659,1,1
ANSL_56531,0,1
ANSL_75257,0,2
ANSL_62039,0,1
ANSL_54039,2,1
ANSL_56566,1,1
ANSL_72582,1,2
ANSL_60720,0,2
ANSL_68725,0,2
ANSL_58354,0,2
ANSL_62740,0,1
ANSL_50964,0,2
ANSL_68906,0,2
ANSL_58308,0,2
ANSL_71710,1,1
ANSL_72634,0,1
ANSL_51271,0,2
ANSL_74524,2,2
ANSL_73295,1,2
ANSL_74166,0,1
ANSL_74701,1,2
ANSL_67645,0,2
ANSL_68118,0,2
ANSL_53697,1,1
ANSL_60656,0,1
ANSL_71776,0,2
ANSL_50941,0,1
ANSL_75858,0,2
ANSL_52958,2,1
ANSL_73765,1,1
ANSL_69679,0,2
ANSL_71604,1,2
ANSL_69438,0,1
ANSL_76622,1,2
ANSL_54595,0,2
ANSL_52635,1,2
ANSL_50623,0,1
ANSL_57406,1,2
ANSL_72462,0,2
ANSL_59504,2,2
ANSL_71340,2,1
ANSL_61811,0,1
ANSL_75170,1,2
ANSL_58213,0,2
ANSL_58546,1,2
ANSL_65972,1,2
ANSL_51142,0,1
ANSL_65202,0,1
ANSL_74786,1,2
ANSL_59800,0,2
ANSL_75941,0,2
ANSL_59193,0,2
ANSL_74069,0,2
ANSL_71197,0,2
ANSL_64701,0,1
ANSL_70039,1,2
ANSL_75700,0,2
ANSL_52966,0,2
ANSL_52795,1,2
ANSL_64057,0,2
ANSL_56572,0,2
ANSL_53836,1,2
ANSL_52058,0,2
ANSL_58522,0,1
ANSL_63706,0,2
ANSL_75456,0,2
ANSL_56281,0,1
ANSL_51937,0,1
ANSL_68935,1,2
ANSL_62014,1,2
ANSL_64816,1,2
ANSL_76513,0,2
ANSL_52941,1,1
ANSL_57184,2,1
ANSL_56288,0,2
ANSL_75909,0,2
ANSL_53182,0,2
ANSL_68406,0,1
ANSL_65503,0,1
ANSL_58801,0,1
ANSL_54966,0,2
ANSL_57953,1,2
ANSL_72538,0,2
ANSL_71761,0,1
ANSL_76587,0,2
ANSL_65875,0,1
ANSL_50519,1,2
ANSL_50739,0,2
ANSL_51474,2,1
ANSL_58116,0,2
ANSL_53908,0,2
ANSL_74933,0,2
ANSL_72325,0,1
ANSL_72790,1,2
ANSL_67635,1,2
ANSL_50866,0,2
ANSL_65669,1,1
ANSL_74621,0,2
ANSL_52952,0,2
ANSL_73272,0,1
ANSL_71105,1,2
ANSL_56593,0,2
ANSL_58601,0,1
ANSL_58490,0,2
ANSL_53379,1,2
ANSL_64443,2,4
ANSL_53050,0,1
ANSL_76008,0,2
ANSL_54807,1,2
ANSL_51407,0,2
ANSL_68531,0,2
ANSL_63603,0,1
ANSL_58426,0,2
ANSL_68768,2,1
ANSL_66647,0,2
ANSL_53916,0,2
ANSL_62236,0,2
ANSL_71438,0,1
ANSL_70272,1,2
ANSL_52080,1,2
ANSL_51166,1,2
ANSL_61035,1,1
ANSL_76431,1,2
ANSL_68218,1,2
ANSL_75248,0,2
ANSL_76802,1,2
ANSL_56329,1,2
ANSL_52255,1,1
ANSL_61204,1,2
ANSL_73450,1,1
ANSL_76013,0,2
ANSL_74798,0,2
ANSL_59444,0,1
ANSL_66809,0,2
ANSL_59041,1,2
ANSL_60034,1,2
ANSL_58066,2,4
ANSL_69436,1,2
